3760762
7750272
3825937
221879511
3806530
7803751
3683876
3770074
3940841
3942309
3790452
3895623
7867813
3898837
3739458
553409990
3833243
3753007
7360614
3785887
3910372
3849474
703906347
7919869
3935134
3731652
3952304
7897721
858839409
7764885
3929693
15847172
3919446
1441075505
3998817
3727714
1551253326
11876546
15998435
3847300
3799860
3997539
1717675871
3804918
1696105019
1721177844
3592016
3766968
1626712808
3763943
3631271
1392260033
9369591
1624946225
3847508
3641312
3792945
3682932
3798834
3818719
3814385
3822630
3802284
3807187
3786008
1223099481
1203608254
3687507
3731786
3705891
3655721
1215735870
1282313914
1229381744
3787735
3813320
3889592
3694803
3764474
1096942790
3821525
3722779
3770764
3698291
819616989
817532587
841212992
7732730
3616930
595131076
3697036
3543039
3767089
3775868
3796816
3826038
3772270
9017793
10840025
3886301
3909272
3833399
3862324
3880458
3794679
3868304
7802298
1295742342
3750135
1549316921
3776380
1610129612
1639345189
3817448
1613095659
3645835
1689217616
1659572149
3843050
7870660
3945339
3830656
8033769
1252625541
3877093
3903885
1196651869
3859243
4725938
3804555
1194731490
11790413
10484791
11679552
1200153114
3782750
3848823
7843143
3767631
3862583
3789504
15720282
4015770
1458184779
1537928669
8351816
7947703
1505699566
10681202
1518240951
3793674
1473225460
3751640
1457544767
6601230
4013084
3765561
3925421
7894005
1322046379
3778530
3944944
3851187
3870125
1142218713
3861431
1053642280
1108900725
3763331
1041997224
5184749
7910106
3830164
15701851
721155289
683322274
3926272
7795089
3743794
3872873
584904855
622837357
3952218
935202620
3800169
911796570
949965636
889548861
7755818
7959150
611622231
3849653
3868240
3763944
3623263
336685417
6469393
3869205
5348814
11751102
3827067
3700574
583687371
3980896
594579737
3786689
3778356
3867751
455716806
7831169
7871006
5920534
4972550
3768929
8933280
344280295
3686643
3929262
381879581
3741746
3737587
3631838
3722138
3719923
343241514
3884738
11880734
3722886
883997928
3873374
3725671
1060103244
3840325
7606536
1460705001
3961063
4064407
3783920
3969832
3696888
3972632
1642763624
3696257
1821937001
7708144
1763514270
3887074
3597592
1888885264
3721273
1792525741
1880994651
1507714826
1617079485
7785672
3948744
3671568
7910142
3527987
3624999
613702108
5219216
3878581
760011566
4511703
3770219
3856914
3899441
3689061
7749942
3755311
985426609
3724256
1011254130
1061339898
1111681962
964174430
3842190
3890368
930695527
3668861
4032830
3787355
910301733
3850025
908078797
3917687
976312679
899516993
4004189
3611915
3912634
3751594
7910267
8849805
3715432
3620892
3754200
3864863
919126258
3662309
934064368
3753353
3738449
946323171
961535286
3773481
860200904
7639687
850725830
905367237
690472030
3620680
3775181
579502001
615925644
7180457
619363187
588797237
3935094
7886561
475425027
3807491
344440118
3771997
3868246
4841041
3556570
223365693
3851325
3834831
3909342
297788830
294620257
3706398
3800153
3978099
3928976
3984939
206869822
3936050
213165770
3893304
8010510
213685102
3668485
3896054
3924176
3748130
3861446
3860935
3637213
4547885
3810052
3871635
3838548
227917580
3685253
3932356
213696414
3769895
7824739
3973103
228365900
3692517
3723419
3925996
3776803
3837235
3789199
4949532
362779243
4114785
3748992
359881472
3925738
3727315
3805108
3948794
3780416
7827714
561160214
583667987
3803740
522879052
3904263
3929070
4049901
4193363
3858634
436333608
3730978
3767087
418594403
508974314
584922634
598205548
3828731
3884669
3793682
3745623
756624762
3750631
3875949
8515968
3847868
3768524
881249324
3894691
3794345
1016480898
6827672
3760110
7857692
3705801
1168125339
3609570
1189356542
14965015
3814312
7826914
1227019656
3713337
11890980
3801359
3840315
1165677125
3847282
3827594
3749109
1163486867
11782352
3848881
4003646
3828204
1278711537
4029021
3828843
1377198538
1556487338
1724769575
6925175
1699720590
1772541889
3792609
1861358996
3772911
1827115146
1872080898
3689512
3873567
3758760
1838015776
7804951
3817809
3840703
3830589
3829816
1815823618
2008274589
15735543
1746411375
1729883315
3850965
3875751
3932699
3735930
1782702776
3790429
4027862
1807209033
4400820
3916475
3885049
3642312
1499534375
3738408
1271897180
1736941731
3708487
1161096085
7836453
3966815
3905809
3550655
374541602
3661238
3541592
3787003
3657777
3730447
11574301
3699132
3717836
7783780
501971296
445364177
3551858
3633696
3631687
3898422
3789117
231366642
3746163
5926548
3899332
235868768
3922582
7790230
273797996
3926108
7699635
3781808
267492539
3494302
3677913
3746687
3849326
220086084
6178723
4055708
7676668
3831193
3966708
3964163
3933087
3800385
608552447
3847300
726806392
3905927
3928104
3771279
1147757075
3868704
4016556
1234807062
3796478
11867069
11963159
8492662
3729836
1349568909
3935711
3851093
4592765
3955585
7890210
1397465373
3791994
7875595
1408011656
1319917488
4089174
4123051
3848516
3913272
1136409718
3884155
1001719583
3777326
3879118
3794429
3879487
3866520
3856895
1100524416
3903326
1618324302
1664365477
3893601
1689159060
3726759
7505283
1786795372
3848132
3687792
1863218924
1824966879
3727507
7153561
1711557880
3718891
1874453841
3967883
3870350
7034971
1554974802
3840369
3872128
3851596
3920938
3833696
7783622
1528112422
1534941924
1577266296
1589452013
3807524
1733028786
1736952130
11082974
16167591
3806454
3745831
23936693
6331555
1924450497
1916274843
3661618
3821515
3863274
3742107
3855975
1860649326
5032542
1881916288
1955588291
3780440
3754033
1738412774
3649499
4208545
3883638
3815762
1715896374
1502297029
3806688
3713074
7549949
1014178240
3867351
766168776
4061914
3807945
4193459
3967237
15390957
6469041
8854620
1154026968
1194670644
3873710
7841892
1357057407
3660732
1443473402
7735417
3697740
3736252
3872517
1456340766
3963066
3996039
3774672
5279354
3692331
1553953448
1473728059
3719048
15589923
4040439
3560683
1700515451
1514719063
6360353
1437765757
3664791
3701722
1140371556
6724136
3801839
3926166
7791438
7689856
3777600
825249315
3838518
882186944
841925533
3748852
3831852
939797457
3869001
3903567
3899696
3887892
6488781
3668180
3761149
3983998
1298191239
3778022
11882398
1489668789
3777170
19916687
15762756
1659037999
3768824
1662241743
3857885
3709927
3948673
7829794
1827257456
14447747
5950285
1950374459
1911876099
3723395
8000188
1932170921
5787119
3647713
2117077040
2007930685
3867021
7750856
1961283591
1886425161
1887997000
7818781
1828840237
7828609
3805604
5876864
11938119
1667154351
3884461
3800310
1732189074
1684352511
16019681
11685893
3950511
7936743
16920060
3811060
3893200
3858748
1700624090
1906476871
3882148
3888108
5227090
1680867762
1632906827
1632832392
3858227
3790159
3820417
6650094
1478066396
3803408
1454710854
3717137
3769736
1623969726
3870078
3712380
3860340
3664889
3770419
7886616
1039654375
8437003
3726308
3758441
3756202
1058453867
3771821
3801014
3649356
984028170
4198251
689824383
3711115
3857955
3939459
3641169
228108328
3725081
3808831
3987068
7690720
3769834
3721421
3669873
3770374
3869894
7789373
241024305
3825469
3922769
3891709
3849832
3872770
3885508
345845245
3730327
3875709
3655784
345998181
3865319
4013097
3930109
3985067
11916934
3791262
3884055
3800490
3809702
752865070
3773144
3865329
3580272
3705516
810288636
7376157
843942681
719463815
3774548
7465310
3982287
3508290
3845544
3840756
4037708
3838800
3762341
321844109
7712823
334664286
3866719
3595402
3871766
3874976
3928544
3744848
4118524
3958097
3951239
3625676
3857850
3949844
329058192
3972506
6295666
397043919
3836778
3640225
3959664
352445155
3699632
3737558
3754302
289560851
3706287
3848719
3887099
3709772
3707316
3826844
223368749
3884624
3731782
3720516
3613502
3727380
3596014
3592067
3920679
4078203
3795884
3757570
3832997
3952896
3876291
3852433
3696417
3873404
3932182
219997950
7936812
3847887
7748926
3794038
3713706
3730173
3693087
3785269
3694450
598766927
3681935
3634619
823220554
7314347
7594472
3812729
3618663
3654462
937187026
3715150
3893148
3976046
5872838
7197876
7568694
8027018
7666756
937166778
1802666230
1801356502
1810750850
3761116
1862266144
1909479329
3734933
1949310866
1949043961
15957509
1897212834
3825597
3605526
3715512
9704364
3788042
1600474232
4089724
1918154338
1292877100
1268431757
3792182
3873699
7859811
3653224
3680261
7722349
3786012
4251988
7832260
3592941
1013360982
3882351
7731958
3595369
8009009
8368279
3851852
14682286
3743229
874878089
957711171
3562950
3566995
3711051
986890275
3726792
3901835
3661945
23748435
3847190
1408340312
1539672403
3727821
3855873
1656575854
1672772071
1739000597
3713646
5670306
3863630
1776819244
3773239
1786963466
5341468
4083581
11651704
1707409634
3892831
4916199
3730339
3895635
1396903336
1248861083
3789199
11605323
1689394712
3739683
1119817363
3756488
3810578
3644111
3810925
7773284
11582526
926943317
3878498
3499866
15860557
3561507
7939725
945754848
7235226
7588086
3796432
3929085
11826918
3856725
1182771550
1169213893
7615933
8001410
1181798710
8081636
3756835
7915035
7416243
7639235
7614283
5730506
3630021
3681322
1375286857
1334479529
4783418
3941521
3953305
3768623
1296391960
3623703
3691402
15708084
3806050
1245523973
3916165
1159905254
1061182355
3950995
3871866
3923975
3677851
3665224
1088257430
1162298964
15677354
7380897
7910306
3856350
3783173
1307327730
15896019
3825148
3830457
1550502412
1564986563
3823782
1709121440
15849151
1688717164
3766412
1714992989
3812981
3798810
3840487
3715041
1770918879
1766478630
1851425898
3679492
3981083
3684301
3723254
1639346665
3978120
3889997
1571505204
3729898
3848192
1458578202
9113038
3802142
3924529
3808535
3724160
3623645
3747687
1387018521
3706889
3778146
1333624781
3733996
3733352
1517435178
4068287
3760817
3619788
9482258
11811732
3723077
1216494560
3848088
11898245
1114455054
3974642
3816151
4040017
949885516
3645123
904764469
7487865
863706838
3860917
3739064
11736831
3629564
3742246
3810236
3541077
3742889
7719011
3736319
9575805
720387965
10130151
3505510
3842314
704204836
3731411
869145569
7433589
3916829
921421787
3674817
7770170
3909423
13039492
857259361
857321511
3769449
762343851
3702004
3759729
3967364
4003061
628312931
3925539
7808538
3578332
3782070
3624082
927567148
3819536
3591454
3590368
1009788315
9948492
7602355
1006367612
7828084
3857896
1036727212
3819619
7759749
3831762
689100406
3646402
4036012
11944103
12671827
3862948
3925832
3838353
8061220
600519185
3936653
11874037
919869122
941653238
4074561
3851037
1103700288
3950970
3789022
3963533
3744843
1367886133
3854655
3810627
1587024982
3665270
1758509172
3741864
1872473644
3704537
1848318733
5443810
7977754
1931843904
3848651
1828137869
11688167
3746905
3711842
2080805094
3788020
3863269
1929169387
3732498
3652105
1509122903
3732994
7015801
1949211554
3665615
3855116
3640926
3692817
3685046
1300606358
6672000
3642243
3731627
1101373565
4030706
1002251565
3761036
3900531
7852399
3883127
786064553
3926717
826634808
852514939
3706332
3582586
10525930
783237805
3761669
3781708
589335407
3815846
7903200
3651823
3802125
3809742
3871070
360789197
3891615
3838323
3862707
562879454
3987718
585498162
664616744
7363697
3797429
3823894
15984826
787707470
3874954
3779483
11235288
4008691
3832476
993144285
940214452
3885199
3870708
3898562
3987281
6290264
1123031717
1099214486
7819482
944681809
1124447468
3864922
3735155
592673935
408642651
3552709
3597838
3837632
3973051
3956402
4133885
383630898
390264438
3761599
3632044
3641210
3892379
3893331
448115511
3872070
473838305
3796702
3700897
471638188
396154585
3802869
350091216
338231819
3895722
282454506
3857941
3963106
3829208
554745475
579476448
6249951
477933201
3757068
3801363
3832016
323353929
7775782
295272761
247061074
