4051319
8062846
4116756
226184666
4086523
8078539
3905662
4026718
4271829
4277661
4102443
4220755
8182803
4168022
4047165
571653671
4086796
4098467
7634216
4017246
4200789
4078835
727388230
8234915
4247409
4007027
4243118
8229764
883196297
8054989
4270258
16159170
4202605
1509584693
4316080
4008864
1589666509
12121625
16262524
4166068
4105342
4237463
1733945781
4020584
1738486562
1736419455
7004131
4054781
1650279961
4009454
3861980
1427757666
12730390
1811948005
4844405
3859350
4027825
3908955
4088770
4130255
6617065
4159857
4099001
4115480
4038729
1266220929
1243930604
3920296
3957190
3984547
3863723
1244764522
1487000659
1249963559
4027929
4032885
4151987
3901270
4100007
1126161802
4104223
4020856
4073602
3939176
851482225
994927664
1024219435
8016439
3841060
607371939
3930209
3719593
3989957
3990749
4102267
4102539
4045845
9309987
11307360
4178789
4182491
4182104
4195481
4152594
4054145
4164805
8101066
1358232654
8294900
1606340661
4053281
1648930134
1667514745
14656715
1714644973
3914769
1809016140
1686197741
5504551
8180645
4244935
4131322
8321895
1287454122
4137791
4251660
1229696712
4159366
5058537
4058828
1238697167
12100823
10763158
11894018
1287963248
4066886
4130453
8066212
4061920
4179525
4087596
16036564
4292318
1520443221
1650201258
8666224
8269489
1531399765
10967217
1556175480
4085621
1530504237
3990409
1487799954
6782447
4331088
4053271
4209233
8213270
1346682196
4047577
4247009
4194128
4168458
1191938104
4160635
1080244580
1157662980
4027141
1053227010
5422221
8243831
4078336
15973922
754201736
705163389
4198610
8102551
3963899
4222241
615657258
656667057
4240723
963163163
4008601
933787186
965068498
902253802
8000367
8237275
615902113
4144967
4107897
4106046
3857169
345153064
6880707
4156085
5641804
12068376
4072673
3978223
605111203
4212276
634745185
4010633
4062599
4101773
474543426
8103025
8079358
15029756
5279585
4035231
9169334
351798602
3894132
4192923
392388939
4020930
3987424
3810794
3978013
3947787
584288838
4196322
12161651
3975539
923915834
4206320
4906231
1113652390
4118290
11303576
1527991929
4249923
4384140
4071055
4245861
3945064
4270377
2012421241
3995813
1868019965
7958259
1825223991
4094317
3810245
2143433211
3944844
1829664062
2234295550
1526082150
1653622402
8017855
4270184
3891254
8192652
3726544
3852565
634221707
5454813
4108177
1084497916
4815107
4077497
4206669
4200982
3928036
8074882
4007081
1008971722
3998203
1064659951
1419758558
1416274063
998622970
4134353
4174292
972282277
3940489
4345998
4118446
940331718
4131051
945049590
4156029
1301099652
919598545
4292165
3823692
4235980
4021641
8140461
9070913
3948987
3814512
4015947
4088294
938650717
3876040
964719844
4026986
4041108
973146497
985002634
4070727
888788019
11570379
869327527
1055748537
700055216
3830316
4052591
849009115
631553850
7513384
636792951
598855180
4219561
8185634
487736478
4129643
348663723
4029097
4151062
5136868
3741776
227593493
4089922
4046969
4214605
307609149
298993491
3924171
4063254
4285000
8401315
4354313
211338165
4267265
217549370
4125660
8321770
218167202
3890873
4199379
4188632
4023542
4138874
4115476
3835027
4822278
4038060
4200600
4170029
232242125
3902747
4224805
218070808
4074738
8129577
4225042
232596733
3899750
3942378
4245646
4027011
4098957
4025226
5415633
370544211
4405777
3962331
372238515
4171642
8631547
4100681
4234671
4078215
8139767
580473266
591609589
4020002
533893925
4198028
4217868
4377603
4500606
4156383
444334457
3994191
4000751
427586508
561313840
599200669
652428866
4139115
4168699
4083809
3987647
798963475
4009142
4077918
8790307
4220371
4016010
924015597
4178064
4095591
1056034091
13964243
4087039
8155963
3936334
1192424869
3803922
1314518478
17409861
4146592
8047500
1251049224
3963779
12166627
4094450
4130102
1190246379
4154742
4124515
4064072
1204839129
12063869
4145321
4305718
4116713
1333133190
4337268
4121292
1420714779
1598679950
1767444851
14707167
1784404992
1810759155
4093540
1896843148
4025993
1892796681
1914886064
3956574
4163494
12609203
1879079647
8101548
4130316
4119872
4071685
5430437
1974713579
2535065559
15998095
1783290405
1822866195
4151963
4103297
4218958
3978274
1823823108
4040327
4209581
1907099362
4697276
4247045
4184410
3900693
1534880740
3997089
1292436663
1997877125
3931779
1169697825
8177659
4267767
4151890
3715457
389493349
3900399
3705787
9221516
3907948
3956702
11758294
3912061
3986100
8018157
512881749
449588710
3746308
3806505
3944472
4178019
4192026
276483080
3994052
15406326
4183936
245822118
4257901
8081786
284926006
4214412
7992927
4061094
275355161
3701816
3884870
4068940
4111903
224329788
6491930
4384033
7921316
4149715
4268177
4251419
4253885
4045966
647647569
4155234
759613755
4116385
4238136
4109095
1188845619
4162117
4299850
1270733779
4106542
12191251
12288224
8806479
4044334
1376271536
4267785
4142347
4887706
4255187
8116682
1474464565
4100473
8160018
1438686879
1338995234
4420772
4446865
4143000
4189510
1158936110
4175631
1027789643
4087116
4194644
4088064
4170544
4172886
4156702
1176891788
4230841
1684528539
1703777321
4163424
1833420480
3994124
9369038
1827660281
4141355
3946607
1901446524
1947596567
3962625
7425493
1780478782
3959020
2147286593
4275028
4183208
7377372
1585221203
4151354
4172034
4144961
4215505
4157864
8024366
1567148317
1717429041
2178062814
1604253719
4048127
1802913208
1806862901
11407699
16512937
4111138
4045114
24167815
6590919
2105417348
1948848153
3920737
4128200
4113976
3981635
4096163
1888442592
5263728
1940018849
2415591732
4049419
4046283
1767169651
3927936
4402467
4115217
4062797
1813002305
1525224188
4021670
3983202
7808249
1021953044
4150449
789993785
4374550
4136860
4521319
13209176
15770056
6932339
9239348
1207056104
1231654360
4176191
8118552
1403168159
3900133
1467327100
7953914
7497317
3940474
4097697
1999524316
4227123
7708005
4005552
5523866
3945375
1600227007
1519823862
3943082
15810647
4284691
3743258
2089831772
1536586255
6600725
1454426115
3945240
3924796
1153252588
6983394
4052443
4216395
8035959
7986136
4017155
1091911317
4076542
905915797
894882594
3972105
4108753
977818761
4107614
4180825
4186461
4182667
6779097
3855262
3977437
4287140
1356088641
4045574
12180418
1536245552
4039010
20265902
16064634
1705105763
4051145
1705587583
4150589
3955077
4306678
8102383
1862283256
14744234
11705623
2110561031
1977398686
3936606
18122889
2547935770
13633491
3924230
2721849576
2407340256
4149540
8016327
2107855002
1940169460
1939083680
8039946
1885747501
21300299
7607589
11308643
12302137
1736359122
4203762
4021649
1773117071
1719324697
16371629
11882960
4277424
8271523
17215346
4071522
4674220
4116396
1770737719
2512646416
4200936
4128109
5508817
1727056340
1681725477
1662894816
4150285
4089807
4103626
6917388
1512156814
4081006
1489942086
3943952
4036504
1994721698
4168602
3916114
4128116
3924452
4053351
8130253
1064670183
17550610
4023301
4008822
3987945
1194163451
4708969
4014608
8444529
1146428440
7943010
707201658
3938141
4159593
4233769
3854919
236118224
4005789
5012686
4284257
7910441
4023070
4003334
3909383
4027686
4162054
8086708
245257780
4127142
4214380
4176168
4165184
4174426
4226983
359818234
3969058
4197367
3830238
350355796
4178618
4301332
4241754
4315450
12213772
4083647
4219120
4094515
4083872
765168195
4008339
4122247
8780491
3938002
954387520
7547163
853315599
723704930
7889923
7700938
4262403
3752369
4057795
4147255
4338768
4146900
3992940
333207165
16730352
338666955
5469346
3795771
4157038
4193136
4252809
4025285
4404537
4297233
4225008
3812250
4114256
4293823
338475255
4267857
6537007
405582014
4111510
3846463
4240109
365601829
3947415
4009979
4018637
293761880
3935793
4093795
4086464
3963270
3983262
4146450
227559970
4113547
3957442
3982773
3793710
3958265
3797528
3827894
4155602
4354071
4071576
4005119
4095398
4264228
4226960
4222014
3993927
4169462
4237563
228298218
8243752
4126337
11665261
4093560
3961290
3921362
3936377
3999249
3876446
898629497
3922708
3841835
838531279
7596765
7773955
4043688
3790861
3880539
967991966
4003374
4164512
4223982
12335768
11860342
23352729
15754245
7854933
1335704088
1846536158
1848670980
1912385960
4018345
1929040629
2544170560
3999809
1981078329
2122850215
16245870
1919904996
4134176
3791346
4042578
16225410
4099692
1662567050
4364226
2279426219
1320379008
1297105670
4063915
4079225
8135920
3842549
3923439
7918733
4028899
4512916
8068924
3823804
1039354950
4095991
7945092
3767901
17738230
15393074
4126999
14912491
4013345
903624526
1151504021
3747449
3792737
3985022
1032944522
3966850
4226117
3916944
24014172
4119535
1477156144
1605678319
8026174
4147830
1696585038
1741906116
1795901672
3968731
5967957
4213374
1808764096
4029097
1835444216
5606484
4351587
11896140
1748928573
4107231
5181898
3973170
4186575
1427504943
1279181653
4016531
11798932
2023214377
3956364
1134960945
3942376
4105133
3847582
4085367
8011459
11744684
965135625
4177386
3687745
16174818
3777367
8210713
987487826
7480919
7792429
4076786
4200699
12124075
5006582
1206385764
1204020075
15607989
17624068
1240048485
8343091
4020752
15849957
15359938
15394846
13176531
8786061
3859929
3930155
1408941559
1489333780
5019090
4230162
4166375
4061991
1329953941
3886350
3922632
16028953
4096948
1285999088
4125985
1197760576
1088431604
4235189
4124220
4211023
3899011
3873267
1137245909
1610525838
17069539
7670865
8228352
4151410
4088678
1381202267
16181691
4140182
4140058
1610837990
1623658841
4041010
2041916990
16122402
1763165769
3998296
1749629460
4087653
4074857
4176514
3881736
1871347982
1819507012
1990874777
3911830
4305817
3998934
3990190
1689291831
4266745
4191076
1686145792
3986630
4099071
1490584124
10611805
4102691
4200112
4069136
3964975
3824038
3977958
1413856035
7727994
3998395
1381005282
3939111
3908169
1853954098
4388669
4054277
3868030
9770072
12135532
3931458
1255763265
4129299
12188356
1136285144
4233835
4117010
4365842
963748036
3891246
925532803
7689904
880146291
4126111
3970933
12047316
4988244
3990812
4004434
3703261
3967165
8705420
4021628
9764069
747900181
10381593
3692935
4117799
742356728
4003891
907548937
14771395
4248167
942794542
3907447
8072514
4147490
23830002
886731047
865271357
3995024
771063094
8621077
4013671
4245342
4230151
669143728
4221723
8084116
3755640
4057420
3801373
948649305
4091334
3787056
3772815
1025217626
10166902
13431120
1240413695
15532364
4084066
1047175198
4032570
7999500
4035949
700377348
3842175
4302090
12183558
12948246
4179776
4214089
4133781
8292227
627701312
4205951
12162257
955007955
973007602
4369421
4071526
1184248915
4228975
5022641
4287191
4018590
1425054932
4143604
4062878
1998938652
3898604
1850988271
3980507
1913857429
3917255
2364395308
6481879
8197793
1971394158
4068301
1864889089
11885776
3962503
3911282
2556710560
3997958
4065966
2409983368
3979766
3899488
1545696275
3948656
7240304
2330440053
3904328
4136740
3832082
3942394
3900369
1316064391
6929317
3845642
3945809
1120883084
4305124
1022415461
4047296
4181516
8168410
4186753
810447688
4218328
845629567
864987180
3980109
3781451
10815754
798196513
3971722
4008511
593652501
4034300
8178078
3892460
4074461
4064451
4149593
375099105
4168518
4139088
4173002
583234980
4297935
598399269
680935434
7643381
4076586
4075456
16304456
821603008
4098088
4057073
11525520
7876759
4068767
1025065887
1088830144
4177179
4186283
4218670
4278821
6580887
1139789836
1118591625
8114271
992407671
1337943775
4160770
3944567
613921114
412957196
3751477
3767081
4138363
4295684
4221112
4417841
396780864
394695477
4009065
3834833
3808321
4179758
4181691
469816961
4081570
522737938
4075837
3932958
559202319
409355791
4098311
361337705
347285371
4224367
297751118
4171144
4283562
4142811
579328532
587468025
6460869
490626517
4030745
4108383
4127308
334916718
8011602
336446848
255220816
