3832635
3774270
3926634
3756032
3748048
3864234
3598482
3721496
3839515
7846850
4387725
3834390
7955223
7915829
3654324
401561550
3837797
6973430
3951474
3693648
430307432
3594233
3568553
3712881
3695010
3537194
3776695
3788768
3713732
3652612
3947506
3529747
6706015
3820293
233498111
3847617
3805469
323032711
374718837
299095751
5456856
215506368
4070370
3785393
3835323
7814757
6600762
217722194
3781460
4711833
3889324
3875761
3731074
3930234
3836798
242419726
3684301
3620781
3896285
3553981
3663175
3858966
7970356
3780238
702495018
3745330
743014501
3824421
7715965
776758359
681609013
3896238
3791391
3820414
3832663
3597591
3781289
4892000
4616274
3844579
11822259
3708780
3853287
882620301
3746499
3764594
1013901928
987764335
1012609467
3629947
3566074
907572515
4087204
3583305
8001611
3725224
3449240
3749439
3695382
267490439
3579402
3740302
3902580
7903464
3855102
225687600
3946445
3809408
3735714
3795601
3876870
3763034
3813755
7877005
221494368
7820071
3626916
241850446
3816135
3536264
4108865
429659181
3719319
3883247
3672336
3702248
640958822
7210436
644398037
575037744
3624566
3708799
3542604
3967978
3695785
3763184
230832014
3801265
3931480
3893124
3929502
3700958
7666599
3714040
3725104
3601971
289809382
337082938
255375584
3742305
3772067
318662675
3785326
7758200
336532080
3685100
3596356
3838769
3908912
7684256
3826370
3913932
511578880
3786001
3768398
3671228
618404201
721807472
3687741
3926371
766603970
9289438
3765293
7803620
8014549
886575494
878960981
3672622
7882198
4847654
3876469
979159209
1024947409
5957407
984922014
3717419
3728978
11551998
1054052110
3762322
1135281252
3946847
3759886
11143225
3736193
1067035455
1017771217
3708466
3820890
7801298
3717613
3711534
3747313
3894248
767272566
11750920
3769814
882965668
3771431
3714626
3996819
3741030
7848337
3833306
3913185
7564490
3869639
3683086
3751430
1066221576
3707442
1095893513
3911508
3924553
3655653
1099004855
3713218
1055823144
3712197
986067219
3803639
524293594
7703959
3564814
297350773
3884748
295082123
3809362
3813683
3831925
4009223
3853946
3742802
206006579
4002915
3832396
3780564
3921124
3709971
3743948
209750956
3816006
9099685
3802450
354630417
3910987
3555118
3569417
6560230
13625956
664893589
11806921
3720705
7797470
3765865
736910225
812560404
11652566
734357143
3964803
3862066
3667228
723117811
715905955
7748550
789360185
3813467
7771458
866053030
7638610
831102826
828586772
3722035
795434005
4012660
3847715
3789139
827408475
3801515
872199883
3922505
3938448
829108169
3779613
3716709
817810237
7869414
3700977
3867637
517085873
3775919
3575143
3699874
3913401
3723132
3763839
842043427
922406070
1074544918
1133858134
1141469415
3837600
1183677559
3757959
1241762871
1256263361
3861104
3714434
7762766
1291004556
3806929
3689878
1348121186
3658052
1347464576
3766372
3873418
3867326
1435736503
7885816
3948812
1558815239
3869201
1542970426
4492229
1659574652
3806018
12039812
3940443
1654776212
1653592482
1626339654
3852876
3884688
3623012
3897619
3966515
3794624
3755833
7382613
1617674831
3864047
3634936
1570273371
1645084592
3773430
3815100
3934698
1494065064
4021245
7878452
3775648
7716409
3773037
3512800
4002451
1463598831
3774912
23866536
3529440
7781178
1456930054
7804498
1429367201
3670699
1373386615
3903172
1481552768
3763483
7959250
3825621
1371054482
3875177
3789318
1280908740
3735158
3730157
3766727
3718053
3736280
1281321237
1368010444
3649174
3707617
1469362449
3872191
1387530062
8371851
1357357278
7730241
1240077462
7709022
1132482519
3858441
1071725491
3759198
3703483
7714402
324722705
3586084
3691621
3723199
3694773
4639726
6084801
432709933
3904815
3765371
578003793
3892395
3782398
592076702
437451540
3911336
3917391
3751436
7749529
3785485
7468551
373168535
3754591
3599514
5582101
3645303
3877143
498941516
3766570
422958248
3859757
3916053
3974477
3802731
3794532
3807916
3798125
283425093
3731311
291798703
7992492
210587764
3965091
4049846
3865654
4140959
218438627
3994041
3815737
3830752
3701488
3924028
220205081
3921671
3639008
4056997
217321124
3724568
3824880
213408497
3959144
4006321
3806996
218866385
3736202
3778410
3838299
15881682
4088457
686638761
3921404
5576617
773234151
11728724
7560190
3690989
4027954
3854613
3717598
3706080
875238130
3609951
3880112
3757613
3832468
7623841
3735764
3684870
946910395
15266809
3700079
7907016
1062141793
3908121
3892680
3932170
15807418
3941826
3993722
3834748
7879253
5711652
1442520045
3847368
1498848327
12490440
3701874
6667698
1459554203
1437417891
3771595
1603898089
3711992
3703081
1317788357
3787481
3931502
7754932
3581346
7828993
874674936
3788645
3652783
725660680
3904307
7537538
3705969
3717499
761715069
724689222
3863005
661618152
7863589
7676661
324446019
3632864
3975836
3861122
3790615
3815694
3904204
253233116
3780165
3730812
3858129
3947992
436572229
3638255
3752275
3621650
3821843
3639681
3568451
3701854
3681624
523543201
6997544
570538201
3747622
7734454
3808616
3797175
439517473
392915078
3838858
3883787
275221324
273195261
206048864
3958669
3769440
3760501
3643218
7686684
518484503
552829860
3721299
502157850
3857245
3804079
7581998
249855707
3831240
4010925
3560230
3626965
274644027
3720722
3781139
3778261
390347995
3819862
375555925
3753023
218655250
3955526
246725961
3792097
251001031
3954747
3837710
3881787
4003028
3785053
3760863
3952958
3926272
202666311
3814433
3801053
3707401
7767011
3854407
214046667
3651647
3856299
3637617
3832230
5425872
7676979
3859599
3711537
3730977
3805650
3751795
3842130
808255882
829171067
830765758
3855832
737272336
3894637
3593929
3861947
3672002
306831123
3573326
3969184
7827781
221996528
3938190
3546147
7806881
235055458
7676737
231634295
3888667
3907194
3889227
318617140
400328533
3807430
306196796
3536974
3637114
3892760
3614242
3538886
7884612
3701941
3894387
3744900
3730135
12957918
479707727
3787307
725161263
3832310
3824487
845612355
3593226
3756770
3946081
786163868
826164863
3776208
3830245
638414716
5167689
3789521
3643992
3576890
3806644
287932501
3602612
3702001
3836830
3653683
3475518
3787555
3771267
209934642
3934092
3830877
3859448
3732056
3944160
3812784
205583768
3857617
3895875
3630489
3682226
3838937
3809025
3596502
3738788
3805667
202702085
3814831
222436999
3885210
4180883
234870443
3907537
3801548
3768405
3980098
203143200
3844617
3826169
216340402
3926958
3634287
3716364
3775842
3729629
3875449
213568056
3979806
3801876
3777094
216110791
3573383
7795394
3860599
220700300
3754008
3568338
3872716
3887396
219095436
3741381
3749870
3736981
3701443
362923232
3709461
3634740
514423040
3761654
3801487
3557627
525366267
437460871
3530811
7671377
3932454
9940193
3806221
3679782
3746486
592345183
3554060
3764568
3797971
12148055
5002342
3565909
884546502
8042924
6669742
1009467065
982868021
9985671
3744380
3899919
7842817
3567429
3701200
3670088
3745455
3759074
3491337
3726484
3878733
7658131
1135302026
3803276
1156265165
3702559
9017200
3858522
3790856
11567820
3760665
1124416767
1088922338
7726719
3834927
3638518
7783775
1028791374
3702318
1027698621
7532495
3959271
3549770
7664001
3599798
3794499
3713545
8940284
3737139
5674649
947396378
7871952
3632222
1008689190
3946852
3704461
1039746955
3843522
9347356
3663323
3793383
4016065
9445828
3816332
7988220
3732376
3961128
1630427504
1638171430
1630282460
3685744
3561592
1578845867
1534586485
3723248
9934583
1756983467
15811131
3841454
1416781793
3776637
3728889
3773573
3831540
3989821
3786224
1327719805
3905725
3838910
3773515
3806871
7897172
11808887
3847618
3885194
3770111
1417173559
3737005
3758854
3765332
1631579259
3814025
1619286771
3843657
11858929
3816570
3887492
3946749
1724926734
11654771
1722191711
1716132631
3794606
3762125
1557315015
1519511497
3603616
1412074223
3782690
7830770
3868562
3792673
3643738
690609134
3601341
3667811
3523295
3449614
4663742
592037905
3646761
3544584
3637605
3633002
3376713
3617158
3820970
3740882
3678155
3767889
3661312
232204231
3783599
3768191
3837137
264342413
336651249
289517513
203406429
4006640
3849368
3714782
204188184
7744944
3816495
3749221
3807921
629028722
680672065
7829249
749600365
3847687
3806723
3636699
704850701
3666259
3795675
3788049
397849559
3839715
3849631
3780511
3686471
3843414
3880539
3726457
7542955
3891115
3863611
3626597
504147607
519571976
3758377
3730596
3691606
8148964
370761673
3767563
3786504
3864982
3846636
226228065
3748532
3817749
3766326
330554255
372033663
3850373
3923076
3882999
3802713
3840506
210335318
3709750
3855630
3726938
6413931
3866866
228112405
3633240
3823252
3837195
3866852
573835392
3793685
3853634
687056615
3693481
3822498
3719365
3791708
3620367
733415443
732545415
3825163
7559244
3539024
7803748
3489606
313454203
3621880
3659522
3675123
3813918
3563440
4182753
3843718
3950337
297933106
3793044
5133165
617964787
3895150
3637746
629603908
578564045
3668277
3787128
3796718
3550581
3877928
7928575
3717513
3970724
240372665
3697956
3848519
3872843
3800038
3803877
3918819
3766527
3648288
465091461
737122800
8199361
741155782
3774694
643487341
3572482
3556908
3864507
3884459
367760935
3592960
3916899
7885065
3844164
429910210
383785615
3690370
3863911
3826368
3562256
3776297
3649562
3871461
3816899
3803274
3798716
3745070
275246428
3733088
276578280
3747065
3733405
3789778
3928506
3819480
3489436
3797294
3840020
231385965
3879960
3576218
3770659
3926285
3960123
484932024
511404798
3844983
472676242
3755966
3674816
3645741
288115786
3632589
3597155
3641733
3691458
3532269
7778888
3779014
3711020
226615103
3472741
3756960
3706304
3762151
3729793
3628040
299867597
3662483
5251589
3698434
4040869
597447352
3746899
3876615
623711884
3564330
3659155
7571156
612126899
3767620
3515477
3685745
3817010
3552873
389418953
7594180
7375617
5649675
3611096
3811214
3780567
3796200
3794179
3838569
785199424
834000310
3659570
884880395
872250294
3589283
3773790
15632920
7685947
3562004
3449897
15107564
7515111
938704330
3670289
943452384
3874264
1013748232
3672021
887629487
825595881
3695371
3761410
4406811
3924092
3785135
3639481
3821125
8524350
3562836
546444343
3705206
3613250
3634824
7743738
3445511
3559098
3639671
4164891
760899978
733239625
3864900
3577608
11815349
3765952
752939170
3760449
3752966
9907325
766425884
763416950
3913424
3782780
679325234
3729254
440368610
3758587
3774371
3969948
3781113
3692868
3786785
3789519
3759371
213564252
3888426
209401582
3774020
3794096
202975766
7881398
205732903
3655635
3880570
3760731
3809299
3873756
221889281
3840319
7839502
480971694
493383736
12300976
3615730
3681822
383534961
4339081
3723744
3890086
11529041
3660216
3734212
3933340
3583057
7828298
3918610
3755510
7857631
747457259
739040462
8268855
5294887
3786683
949068108
967807216
3907250
6975610
12292624
968445170
7777337
3726660
3613982
3904265
850370390
3612899
7991849
3954323
3954014
3795981
15311556
3764437
1074019661
14506476
1090479083
1144890864
3765768
3679193
1160646563
8128103
1160468902
3866999
3798896
7730727
663307447
4016440
3568074
318316214
3778072
3890957
3750855
540832971
831963116
3994069
1043157332
4012440
1082114081
3739874
3626789
3988261
3724927
3717155
1333117551
3730607
1356562105
3744769
3713972
3543674
3783156
1480935907
3665477
1464471773
3749543
3720741
1505938937
1524049618
8984104
1502080391
1490849625
7751480
7756892
3729282
1456510692
11726556
4080060
1476667547
1475564797
5264826
7888596
3818818
3742978
1486725105
3780605
8006322
8086944
1468012739
1616568072
1263687036
1010403872
847326052
