4148212
4075047
4229845
4113392
4047774
4109441
3795538
3978071
4119099
8154773
4613937
4104194
8175878
8190868
3880430
416350637
4099307
7246609
4161254
3892952
485093143
3785533
3747944
3895561
3938513
3699923
4049734
4143730
3891247
3855563
4240714
3706044
6986910
4094099
245185583
4137209
4109914
331539909
464461337
303492217
5739586
219702955
4302182
4058720
4129854
8109313
6823125
226770645
4088555
4994864
4173781
4154814
3984873
4216128
4129622
246641884
3888729
3809045
4146771
3745475
3899314
4143062
8273642
4070654
727213580
3995083
771272613
13115229
15617686
1034671240
685897487
4178303
4089146
4103431
4057458
3770860
4024319
5114268
4884805
4106244
12115155
3999450
4139132
911630234
4037855
3986789
1036296845
1017870575
1020460242
3846000
3756521
921823530
4261057
3772811
8256495
3956145
3610112
4010724
3892735
271802178
3807227
3982274
4170317
8202001
4142858
233582372
4239167
4065907
4022139
4105923
4177455
4065973
4115458
8174721
246162502
8114955
3922977
286761814
4120897
3744043
4382655
448912551
3991191
4153816
3932159
3954106
656554488
7442714
664729791
579196288
3851864
3948271
3732325
4270542
4002269
3998537
235102931
4102239
4151328
4123727
4221541
3934705
7916656
4009674
3996553
3834652
300615508
347834530
265950037
4035565
4037502
335858285
4103434
7957914
340477528
3950505
3807735
4066259
4181215
8016292
4105011
4190770
540164659
4064033
4049743
6168331
638523508
740201979
4019937
4176123
799369820
9581021
4037327
8087005
8307014
926209887
913927809
3918623
8190856
5117887
12901877
1009381537
1062027249
6246907
1078851187
3965135
3977228
11732208
1089849679
4568813
1495817195
4230912
4002436
11491207
3995034
1260315543
1035756073
3979189
4056401
8106375
3973111
3941378
4035000
4135042
788772338
11971067
4031864
1208043632
3991566
3971111
4280052
4096045
8134914
4081342
4189302
7805503
4173399
3946491
3954524
1109570630
3969198
1124602975
4191585
4236746
3893408
1124341185
3979870
1073999182
3934720
1002486531
4060598
535390024
7942400
3809503
308036252
4184770
299516329
4066318
4098642
4169596
4297003
4110104
4019500
210375862
4336523
4112944
4100822
4233378
3989529
4056745
214158548
4089179
9326450
4054867
517048429
4183024
3717897
3818398
6847532
13804349
689966107
12049172
4029799
8076417
4020699
753559214
1070018491
11916045
747997841
4221670
4162898
3900590
768270148
737058400
8030117
829881443
4121035
8082501
883703746
7911274
852053470
844577858
3962091
829828990
4323017
4139042
4072628
856724660
4044590
910121804
4180363
4233801
844559384
4044099
3939378
834539176
8147649
3952677
4151198
536001841
3979425
3756860
3959063
4195959
3991396
4048661
880285871
946242978
1116231140
1183042681
1160146258
4081502
1236593664
4048325
1280307298
1291942584
4160024
4011994
7983113
1348705125
4095464
20448389
1381784390
3903717
1371761108
4066104
4148979
4165207
1479333332
8188335
4266207
1598414070
4139417
1636962796
4770889
1722406760
4076284
12302907
4225572
1699387133
1700079133
1672962508
4092883
4187124
3808984
4160475
4204281
4064795
3948344
7612662
1670436685
4075801
3903767
1609636191
1975399874
4045093
4089943
4213522
1533101544
4315531
8076220
4042165
7909237
4071942
3705541
4274959
1523318183
4054002
24142446
3709524
8055142
1507623550
8035090
1476357081
3880122
1413955790
4158484
1734859982
4060558
8222199
4114892
1410440170
4161147
4074912
1326625824
4017500
4019266
4065604
5523319
4017471
1326536469
1411116327
3888381
3949270
1927619426
4157863
1409599423
8584092
1394422806
8015368
1255956700
7958656
1149207583
4069949
1090554296
4027120
4105371
8107649
328879752
3780822
3881041
4003077
3899174
4912632
6310593
497254044
4198727
3993469
601856631
4180306
4062836
605091133
444937470
4218951
11921502
4019679
8018574
4052324
7713656
390357911
4071597
3873310
12193256
3870207
4196686
516301618
4061641
427322524
4141303
4215260
4217572
4113321
4076322
4091149
4079023
296083008
4003347
296229831
11191522
215120772
9433156
4442207
4126026
4352312
241776628
4292345
4083879
4112931
3980504
4202458
224589964
4216485
3813795
4345890
228959923
3977572
4110768
217764005
4254369
4320296
4124916
223394832
4041431
4053235
4123268
16159077
4367518
709924651
4220766
5811729
793229732
12021052
7756691
3915447
4296148
4102870
3998370
3950929
908623283
3796997
4159699
4025426
4081169
7907040
4021093
3947171
1342972514
15521058
3976441
8176178
1362117971
4191407
4176795
4216724
16092538
4268961
4264288
4138693
8155238
5992961
1484981202
4110333
1522742505
12768243
3943512
6882548
1494846688
1457509979
4001181
1956593553
3912923
3873078
1333121112
4025210
4222668
8036352
3817898
8179254
895705755
4089167
3871965
746588706
4191966
7822710
3930898
3968261
1055788996
750714568
4155407
669648287
8149908
7902379
332419928
3836937
4275644
4173213
4117941
4106567
4107922
265958497
4071177
4004962
4152259
4215964
449854266
3840887
4023087
3834077
4032861
3866118
3741778
3962334
3918815
546183107
7234086
742486710
3941916
8026400
4145155
4081003
479701463
397387031
4101003
4182825
286627423
277607930
214102998
5365667
4107521
4047886
3939200
7994337
536500488
560920901
3979553
506501679
4100617
4123127
7773779
259843017
4077307
4298372
3715913
3850785
288835660
4058211
4064021
4087289
399608351
4052980
379951803
4055588
262980840
4254278
254621614
4084499
255384352
4253164
4220747
4200420
4284560
4033081
4035502
4275776
4231746
211433850
4049391
4109731
3915614
8062801
4130482
218380455
3881457
4151464
3835844
4118215
13041117
9982396
4122517
3954699
3949899
4084632
4029355
4111948
839210239
841668109
851071240
4134832
745511530
4138693
3808405
4098791
3901964
310929994
9509369
4274507
8112103
226274485
4205901
3760988
8079637
245912073
7960688
235685703
4219163
4192117
4182402
328363553
410229460
4086518
310574562
3725352
3791128
4155426
3832386
3738514
8172519
3971899
4135277
3980301
3933667
13223365
577696185
4088627
749521232
4124321
4103331
865276121
3778480
4002090
4221616
804751343
855391409
7493737
4104532
654944895
5386634
4012252
3876814
3743754
4082610
292023269
3773779
3995372
4011988
3914931
3627802
4044557
4046778
214045013
4312756
4143961
4128071
4009065
4224909
4084989
209804258
4110880
4165997
3871885
3900981
4102542
4111897
3817931
4013813
4017342
206924960
4100629
236208555
4149715
4476643
239166496
4206746
4021737
4022670
4264591
207523315
4161957
4140080
220520614
4222694
3838241
3957886
4051098
3948507
4183972
217889234
4310286
4100910
4067641
220268544
3760243
8072025
4140774
224983218
4045234
3861763
4184357
4115503
237787676
3992026
3962139
4017564
4020318
390187999
3911128
3846027
553809485
4028069
6474905
3736719
537459755
441699637
3712446
7862093
4198146
10215803
4075260
3931120
4040431
615648286
3806395
4008801
4002108
12411719
5232772
3804828
910722099
8317589
6876293
1042637368
1024965483
10215852
3996846
4173027
8086630
3796451
3894207
3842284
3927183
3985496
3653974
3921793
4159339
7911139
1240544260
4078112
1190292222
3940684
9202134
4145562
3961649
11738017
4096149
1145494063
1114239675
7976275
4094894
3852736
15634149
1094851472
3935871
1044178271
7789823
4245401
3756274
7925658
3804718
4085049
3886068
9127723
3970539
5894150
988412733
8103823
3834286
1346154433
4158395
3954239
1385088460
4138357
9607747
3970337
4007844
4300335
9623580
4077844
8278303
4001978
4284312
1678675760
1680725121
1659655233
3906656
3832823
1604221960
1558568063
3991957
10126190
2102936980
16052190
4137489
1438714600
4060613
3962637
4023824
4097365
4267203
4063378
1361112669
4190702
4134967
4064748
4086547
8188233
12104424
4160329
4179357
4039899
1491919003
4005204
4074358
4046304
1675318732
4045247
1660580347
4109439
12134195
4083289
4179605
4173346
1775455214
11919097
1751806398
1736576950
4063680
4055293
1587428178
1535760854
3836116
1425345824
4102232
8123305
4132537
4022594
3915639
701195420
3812044
3876007
3689368
3620068
4832233
674657085
3862725
3726865
3783452
3879479
3556797
3826035
4042018
4002451
3858976
4040779
3878635
236372779
4057837
4001096
4121388
272234512
345281899
293795758
207857654
4354488
4137910
3913801
208566854
7996537
4014694
4029790
4087479
654588042
722006886
8126735
770761832
4081213
4071999
3809415
714875924
3886507
3995375
4018028
409329088
4051777
4076040
4069187
3893572
4123645
4158018
3992295
7819563
4157473
4090731
3842840
523380933
536798475
4030233
3929049
3871036
8423023
374890034
4015607
4089788
4137331
4113442
230410272
4019203
4072730
4060616
462121222
376390982
4111304
4215168
4176330
4130211
4132389
214722374
3929730
4172197
3945692
10293472
4156970
235950223
3852423
4086692
4096687
4177670
600349114
4032550
14454060
710485856
3979540
4039833
3978384
4027167
3838287
750792389
742515056
4098669
7719156
3713766
8061536
3660577
317582693
3844272
3840432
3919730
4009814
3726077
8597644
4114754
4220985
321864805
4074514
5400263
635125739
4185628
3839465
640499623
582646387
3891179
4048928
4047191
3729218
4137867
8213512
3991484
4241417
244508693
3878834
4128461
4179613
4113505
4103489
4192000
3984535
3884688
730476225
754429920
8471360
754527123
4063338
651611235
3791590
3788310
4097471
4154507
381447550
3809610
5581911
8165212
4090402
577748370
388120661
3925201
4151208
4104977
3760223
4055621
3841197
4159923
4117572
4097606
4072579
4067275
283655957
4037307
280965932
4025002
3923505
4058399
4187414
4088956
3674780
4097337
4159861
276099772
8236842
3852947
4063832
4209457
4181082
520655703
519458659
4137058
480378331
4000735
3935636
3876839
292401728
3822737
3785582
3833665
3925086
3717168
8026687
4010171
3952453
230668233
3650695
4019511
3913723
4012812
4003751
3835750
318591470
3877824
5529742
3947487
4317293
616871974
3954810
4093742
646624318
3732072
3954887
7748035
625531984
3961121
3672780
3903347
4026840
3718107
393632516
15132092
20109122
5917878
3780077
4074505
4057563
4070663
4061237
4869723
801364158
868272888
3906352
901335114
895253944
3819276
4080752
15841685
7941594
3754327
3652211
15343894
14830101
969280882
3947551
963202802
4123468
1268228133
3884859
903483095
829681350
3880789
4008730
8268575
4188179
4047769
3889483
4119248
8808433
3745058
573233952
3934985
3798155
3879272
8015382
3638706
3787256
3859486
4373706
781666931
745875328
4130915
3750714
12101419
3981908
774389117
4065240
4030452
10225728
782962288
775652324
4201456
3975075
724746066
3965236
444803560
4001403
3972718
4306622
4073779
3928084
4061921
4063147
4035245
217947393
4151534
213683000
4048846
4078249
207239916
8146734
209904434
3880731
4159165
4020287
4100828
4135141
226072586
4111238
8106176
507330013
502330831
12567397
3831082
3889579
395860824
5482376
3904919
4162109
11701706
3860041
3986197
5868303
3783887
15689127
4212675
4064597
8154883
773163497
769631066
8574531
14490304
4053473
968145701
1002883007
8093612
7161437
12516297
1106610794
7948187
3964069
3794513
4180608
881223527
3826471
8241479
4259450
4210311
4105367
15597126
3987109
1101853277
14769744
1109513687
1160622362
3948496
3875367
1361423610
8302045
1272226046
4133410
4074617
7959396
676629368
4283690
3725120
322469000
4012331
7771362
4037147
563949164
848158139
4252285
1077570958
4221614
1135709170
4016829
3861840
4239037
4001029
4007628
1375766997
3991941
1401040617
3970068
5939038
6481832
4040879
1510133082
3935671
1511516985
4007253
3958073
1655868248
1547533424
10045924
1535169034
1646378151
8035084
8002555
3996691
1494156046
11995357
4353232
1501483719
1524159226
5524968
8181442
4076335
4001243
1528552375
4063322
18483133
15974932
1492964975
1872903200
1281680526
1021079216
853918623
