11917994
12230035
27047378
19453221
611527070
2191438483
2242185626
23269567
39649561
2712247631
2839770607
2810651366
2803380601
2815041714
2796472987
19762574
2771151600
39556515
39933616
43547828
31881304
2854340247
47269838
21946837
26412188
40707253
3021163510
2994859040
46916331
3026734675
2970452966
2962052954
3060929595
3074326626
29411353
33451246
3037526090
49754947
11999591
3346676136
3016064752
52619213
20210275
2936571478
3047565515
19753321
3042796698
2937908962
2984658143
3083732292
40761503
2971521788
3025222348
43811413
15901039
2983450515
28936511
3006298478
2976971080
2927022251
2939838995
2904684138
2958114745
30529836
2947879833
22022023
48912107
2885130191
2970345482
2975973879
27321859
2942087707
2942272858
3039618484
28174115
46460960
3093787739
32380160
35682244
3051011099
3102445746
3073581429
3152288499
11924062
19067848
41236571
3106687357
3277739474
44205355
3452677109
2964364176
2922188234
42110287
2990265330
2917008732
2983771713
2978362177
2920951348
40768347
2923441152
3010991560
3124095579
3100970414
24683901
3051901298
2812044456
2999918831
2896711926
3071574390
26641578
2981848442
2996871942
29235950
72866158
3184752221
3058347613
12615003
47765663
19373810
2996294438
2972466252
2849741920
2902316876
2981050704
46126667
2933169627
2884067270
11538304
57848903
42766809
36086614
2948660497
2958788648
3402843809
29728152
3023841373
3058853802
3037121309
31645350
3087707443
3017365202
3101826992
3050110000
3097975928
41901491
3027973801
2958755130
3036071630
2941202109
2916867073
2883675444
32336586
2997931234
2997242816
27822781
3044079686
56697630
68155683
3191274611
57525852
16181700
62336913
3032581212
2992024468
62136259
3278094194
2957602187
40079444
21509191
43064653
47740331
40252996
2826405184
2925655747
2977660706
2995085763
34827141
2874622012
2873413766
20068945
2980190822
2916087246
31678250
40796768
2972755137
34450074
3004613138
2890594864
2894487866
2846183744
34022381
2946590361
2857088017
24453402
2971269697
35769600
53436864
40068115
20793441
3025505083
76200042
47319922
12317011
54768065
2892376007
15072328
35551704
2972488354
3024577560
2987531579
3005482374
2999443640
57376475
23711685
46541898
2959695824
2941743740
2912276686
2818808662
2551522337
2411115679
2443487255
2169498475
2045177082
2003499226
37874706
39590715
40198085
28029769
18988891
2347367843
2407607499
2486614974
30858028
2532085030
2572042893
24077133
2725251486
2573726153
2948006657
2982655821
23726491
33310094
38011173
51329800
44770757
77550552
38080460
2995959832
2931131667
2950040853
44718845
2892271094
2864836730
2880879880
24373154
45618704
2812250132
23916782
40300676
2876258981
48783473
2875899796
2978588601
7784457
20132836
46614007
2906726561
2776098393
2752848756
2775983867
2897355412
47831806
53047532
15696651
54211112
40648603
3015292990
2848220455
2917910180
48264100
48841872
30330352
27434595
2797842334
2876038939
2855325906
32344528
46488085
19454813
2913546117
2926251337
2842308289
2928114690
2996143428
3003007593
29635134
3039613885
3036510667
3073845146
3156395602
20263996
55828691
3009914859
2911752745
3019244303
3072537547
2904821313
33697457
2917431330
3047874500
2842061919
2932314963
28407364
2952739050
3081952726
3081144405
3054629629
31737909
3050701953
3098099088
3075115564
42376091
3091037970
3058552708
35137526
3049031657
26686171
25268691
3084571828
3060432029
3017067979
3082291529
32021992
3099002575
3049753469
3030527933
19988244
22809086
3057544734
3026604555
3159249737
3097923007
17285342
3113634591
3035509369
28184211
27960650
39947392
3042736309
3061449935
3033903251
3091122423
38712330
38240458
21558601
3014172711
19677271
2910791471
2916957792
35872138
3045989179
3045720867
3074084050
8772213
3091390255
3172547716
3241842184
3092198383
3452297914
3129235117
3093620968
15419908
3115988883
2963805881
3077543924
19494260
3030387475
3151999255
23039976
19807410
54916783
3491907686
3102871496
3271909878
2962635727
2979987940
3098851812
3190854471
3117587721
3130404631
3205123536
51290512
37357441
3080320925
3244545941
3151102233
43668107
2987047498
3044165417
17989769
33087051
43523204
52429882
67027308
2937737896
47558704
34055366
37890168
24255645
2624883400
2671748828
2831278101
2730220439
2754372418
15986431
2910017063
2908005420
2918533026
39782695
3005894949
2882127870
3045554394
3086640147
39464256
3001184772
3052691996
3061776993
46929634
48572156
3052037044
19701332
2960378545
2972659459
33618940
3100181537
56590834
47234016
3021956527
20598990
3007688120
3017973967
3045736482
3037804185
15451595
29539910
2950724159
2993023091
2977724738
3413109702
15822076
48477121
17696701
2921088795
2915643327
19758776
35726020
2974715901
3001891690
2998916366
65491159
3050944092
2922153813
3064612451
3005336557
3104570348
3302383729
31813903
45670564
3234055854
3100084906
3071210070
3172237660
3138480502
3205045574
3165523676
3363520703
54956075
3046189894
3072430541
3023630569
2977659097
2982693600
28910412
44638522
3000888281
3070571442
2978509122
3083413921
3006111944
3049370980
15549700
30321887
44859863
81697867
3359755237
35014589
3547397247
64111212
51353890
3894138697
4162299472
5599774181
5581050008
21328178
79905148
6095205495
6076395008
29420934
42609929
60315568
5288284806
5229463039
27833351
6386102622
6168649048
12014458
4649385474
5214634395
41964370
46863627
3146442389
23901622
3013818236
42015439
27840475
18004362
36064906
34499259
2980616974
2920220329
2938676262
2989545225
3015792104
32712831
58677742
12667298
3422739248
3343685897
2949312225
2893615263
2948528243
2955022866
2946341563
2996479881
3011923280
2961269022
3065376951
2980744706
2920420120
3084416453
3039702778
62696011
3108958225
3083871192
49918246
3021814936
2970799294
3000636276
2917799436
2971312966
31217756
2976976325
2964834313
3108175478
3485027725
29253086
7539537
3027767283
2893824565
2980069590
3050896687
36367802
2990212735
3034503730
2885480653
2863075744
46499938
2926607027
2974854409
2907485188
2888848887
2967057684
2980508985
56127277
21563498
34101360
3003312793
3049066547
28493756
60505869
3107248597
3077833946
3118179119
3174107585
3199140412
3107751981
3158617995
44885168
3129085170
24941179
30291107
3129952297
3157803678
27762675
37020937
3205221799
3216051162
3189048905
3162197770
3182451020
27013163
27754597
3063760771
3159545370
41940247
3094898282
3096735729
3376175096
3165722557
3075387085
3044684001
31722956
2990536965
3073719403
28977751
3057506707
3054546150
3512076855
3073213369
3064646481
3052826969
47595579
3070891013
3124719145
3110294247
3026320703
3257215663
25923095
35574474
2997913513
3017961802
47849749
27910620
3077594253
3033249220
3003183440
3064186435
29180014
28533330
2977614794
3043005525
3061509727
3058407614
23500007
51680626
49811197
3094179797
2963204479
2988447467
55824676
3020948234
55885687
2965360600
3068617550
55878182
38098020
2893663067
2905811545
2972377327
2952054888
2933546166
3004888162
2992150348
3056601651
3025417048
26869794
3183537830
3021081030
3064391488
45967034
2979406395
3012996255
34250833
3038751287
19130823
49092717
43756508
46915723
3056088113
29305331
11088333
3091646811
36353702
3108792564
17933006
2950898315
3103642142
2979982769
3051178930
2943695297
63297957
3109042573
36025148
3110668824
3004922746
56764232
3013876488
3160437223
3003072291
21166915
36255723
2958043715
51915879
2996550127
23664709
2952063771
2922613418
2927895242
55973394
23845950
36451358
11719200
44609382
50444047
49600264
31791822
26184598
2938417744
3002229476
2958502824
2908212076
3255078252
2765269652
2645870791
2516176525
2344141248
1874252686
35696742
40282476
51026961
32108920
31737510
47790048
21394970
31909844
31652032
2110922712
2228216993
2227123599
2463752486
2463377409
2600211569
41832492
37276578
2642583988
3023721457
2986514327
2937623206
32445429
3066747331
3019667818
2968539098
2996432465
27737845
20552370
3064861667
3013760435
3389478308
3008034680
3010354208
39777074
3130014437
24036059
3037773015
3092197125
52722491
3117981560
3106038315
3039710916
25133577
50980150
3141971175
3103109909
3072410579
3038870685
3084202121
40032343
3021662103
3010418599
26064748
19865647
3064079361
47566440
35117769
31887828
25822909
3028460802
3038853926
3100449806
3121102292
15644551
57707274
3092569474
3090334339
3046971120
45342364
12542481
50432002
15192575
88264285
3091990726
3097728014
3056825811
3161666769
3039888590
3092980322
3108991970
3157271877
3173225612
3295057034
22901665
3067933512
3089441823
33683995
3037954399
24054848
3005745495
3101452455
3107939881
3089719867
3073699019
2997678273
2987821253
2953533099
2973596157
56705536
2965150299
2900466604
2960536139
2866831491
27834524
2943949833
3017074715
3077781568
2956750164
3042703983
3049992057
2949693294
2932863817
2909126580
2934622424
36094516
3050884865
3002164992
2973330180
3026891588
50152538
2916842502
2913911596
2981645706
3061548099
2997519062
12393700
3042687776
47400614
3060081256
2932102937
72228939
24034179
35912615
64214906
2952102556
2997955905
28141637
43942685
46098428
43987866
2999477280
2996820055
38314377
31694521
3009341440
3083334688
3114568793
3144859857
44713684
26781315
3203483519
3066708555
60008634
32765523
3128524682
3031605225
3097718564
3184672674
50460178
3018496036
3100880300
3137972731
3330809260
23900591
3380831503
52092495
36612420
28043088
3024332129
3136931027
3120590809
3051219337
3037326081
39291617
3181653422
2977624005
55980059
44759535
3136395099
3159799119
3165092155
3124391472
3011810834
3073051071
3173030620
3121714919
3089404941
3455875420
3065723585
3171125126
3103627079
47543248
3053079906
21924685
27647678
76437757
19752431
52635235
2957820586
3023776853
2978608747
3001014718
3000515454
50489425
2993495460
67750509
31907593
3089570615
3058158158
23985539
3145182620
36001930
3109194700
3083624533
76228869
3156629068
11952816
3120327186
3228788123
3221257619
3385816857
3166057286
3184101900
31950627
21369353
3113291950
55056875
15265173
30743643
15426976
40273443
31602040
30743386
3098515717
27663024
16400100
3060856613
29387153
51413838
3100348643
3452960510
3026197653
51783242
2987645526
46931807
3043370559
3034096835
2987389918
28139670
2996994813
3063666737
3039401299
3420639733
2983329704
3013667588
22087165
3045936115
2995609601
3104390431
3038794341
3070865500
3055234005
2999203135
2940513451
2972616530
47747525
51428355
20123271
3123875526
3217072332
3092570911
2982716426
23386459
3036444553
2923347467
2874487166
2957683499
20721563
59066720
2916332304
11701630
2990948056
39560413
2951607615
2934730157
3000572309
3001483820
2917292962
19876944
2911527580
2903970107
32066251
2962595750
2975198186
56339143
2948138900
52256141
45708231
3001113766
3007046656
3017272572
35544631
29441984
3008183856
3066846591
2919169251
46708830
32814012
2938224031
42051320
57470144
23038438
3044346206
22003456
69428386
2917785642
2957157606
49607074
2941903897
2880226743
15395604
3050646053
3281472448
2967393776
17232720
43948581
2943270878
3064264698
3060282540
3042428442
3018487669
3098574796
2998287821
3067791675
3013774825
3037051651
28443517
3095948569
2919343839
2979135242
32538146
2924159714
43724540
38055068
2837269986
2900501488
2914972664
21609955
2928875791
2869974163
2905220405
28810650
60073128
2894257355
2875530789
36135772
2867106542
27741235
2960941361
24510560
2874730992
34330084
2943269499
2835598821
15021700
3011547112
2979405737
2961783050
31865298
2940920262
3000152449
3002590813
2967303556
3054403520
2977685388
30146087
23525761
57575460
40964076
3394198583
35789988
2951460247
2809753754
2795053132
34183734
38555206
2977783659
3132039249
3051295133
3051932351
3026569019
3104669112
31791317
28790710
3076799802
19309393
3081336209
3065742180
24251073
3121536337
28418588
3273621451
21041671
3172499264
3173015902
3125275811
3140541117
3171968543
3088269452
3303123386
3193661301
3054073277
3053178351
22800744
3000185384
2910090005
2902919634
3044444340
2970451805
2911954274
2832197977
51804507
2976039648
2895975785
2898709772
2930637263
2909067970
2926226071
35164570
2899359371
15858496
30992980
3313517692
59871254
2998316591
2886699587
2854224428
2887527514
3044358218
51639947
52622939
55364485
2939870437
2878305748
2967997175
2889240776
2920365944
2820690757
3000577620
2900505595
2977164438
2995214066
23614896
27962277
38875960
56595358
2780813400
2840436382
2949974625
48378592
2970502760
2986377602
2987452142
2952517169
3094508411
3026147176
3016164812
29063267
27004486
31457749
39619379
3104876051
3366401407
3343102887
3177593454
15336879
3103663517
3002144696
3026173542
3056365781
3175003792
45624491
3120993285
23774463
79762837
3044373471
31854139
3018164438
3016246814
2972629269
63132109
52830713
2975695881
2969117025
3049678740
37763831
2925918396
2910721079
2935282193
34797762
57282149
46790118
35065548
44595212
53400933
39778022
2922940559
2988078282
2885777031
2938009816
44174591
23658912
2977912097
64138925
2957809417
3031669323
58250697
2957136100
2938816786
2948577771
29298127
19888987
3026118178
3010087039
3049033304
2964581604
2983600810
28120858
3039875087
2993117510
40915385
43530747
3097854799
3125780953
27813429
16579607
3063913890
3468435453
3071837703
3101371702
3109681929
15842917
3161264807
46526672
19624408
31077013
3088529772
19271030
3132831432
3076418156
2994661089
3092606847
3388528743
20017255
2999125466
3022153823
3006669253
3056413943
41412358
3069654310
22177122
3035944705
2994991223
3054720880
2972429901
3025574065
3054744340
3024536195
3076787689
3091555453
3025309923
35858245
3031546644
3092494908
2990690868
3021811407
2930490313
27756052
51818821
2986199219
19012294
3045712719
2952921274
3018319277
3020649273
3015375377
3062468135
38733259
8609997
26746413
18268924
2903564782
2941772206
12890654
2974201893
3020048419
3100732747
3031801400
3050280316
38215295
3086388271
50412347
32743562
3095763078
3054040456
3060543821
2977137822
14722074
3050680425
3017230146
2987952321
2948726098
2986531259
33896685
75988114
23994482
57430700
3047536969
2931185347
17338697
2937451301
2964588012
20019651
2961847964
31974111
2976382040
2904292329
41397544
19158878
2988676064
3013262497
13386172
17440543
2967143006
2921809533
2895923012
2999760612
57259671
3005412230
2960054364
15669089
2992417346
3053611845
2987170483
3063379967
3002300516
16147921
12865743
11648101
2976509008
2975644729
3017575622
3323565682
3167390800
3095507604
51450269
58264838
44495559
3113174570
62677916
44053225
28777256
23809329
48062285
50215379
44833156
11762472
2943579408
3169519730
49278747
3059189204
3112165713
3190266770
37323716
35788483
2942505872
41676591
19577604
3463949868
3166230446
3070551909
2948773873
3028307250
3443711427
23582192
3028240832
3137537968
3012229053
2960870755
2948988139
18659684
3022059524
2973182648
53767729
3006940094
2992847951
2960485970
3018562711
38127127
33128460
24087346
35305940
2908519636
3002273065
47074230
39626254
34959768
2899022716
2991009113
49909388
2887783825
2978740579
2788277125
2864148262
2925533800
15679750
2975979144
3232146038
23568247
2992170123
9524867
18375313
2943404455
3053173323
29568534
2939569036
19774635
2958482567
19761945
2870724204
2993193321
30579664
2926362401
2960750263
2958856068
2920570317
30190765
45266103
3068176101
2874887115
47061972
2843542308
51365232
23859770
2980291672
2905385820
23538553
49077893
2973097114
24977851
3198278989
2852711457
2942562692
2823513983
19844931
31969295
35063139
2882117125
2919402325
3006042971
52159258
27639567
3099387361
3033176626
37330331
3103534022
3108571056
3109143139
3194655768
40190333
3145870602
62795160
3070585879
3075774632
53058156
36967264
3032425968
3094808593
42178085
7495294
45529847
3151253051
3079369317
9847835
3477685465
2991569124
3041622477
54320429
20105568
3543746975
3023272552
2990570546
51565351
45932553
19692871
28212552
2963439414
2984706679
2882873485
2895989772
44111659
39279539
2952039600
40370251
2921828235
18560699
2898947292
17951512
2894813739
38170892
52084665
2916385321
40621537
35802876
2974487355
50065291
2896125638
3037349993
3005069430
3008750416
20706255
3006978754
44042938
2932575361
3139544350
3085359726
7617579
52946162
11708549
3075619244
52230961
31862091
3059461231
3032658831
2956702973
2988898773
2980597290
23523057
3000792061
40158875
24093705
3074529172
2925553427
37081011
19003637
53424648
3045926911
2951259837
2888415895
2975785368
2939038363
2987685219
2995645863
18736319
3112105231
3058520254
20164815
3068409364
43756988
45745481
3009860908
3019149323
3005706602
35439105
2885785693
3046209158
2878051999
2977152605
2971144361
2978546740
56460684
33211178
2987809220
2979625374
2977053928
3096431811
2957599036
2943722878
2995470286
2959014378
26235928
2909789224
16558271
28053418
38610862
3016211926
2911736572
2833893614
69630628
2876322152
2962857479
14751051
35805452
2960683252
3188676606
2983814283
39696511
23860964
28239844
35711849
19337420
3150627359
39622038
2954347436
2901361600
34364356
3028528599
2962422746
2997429689
2939002521
2986967419
24355400
27921822
31877424
49693445
3004325615
2964753238
23766203
67584333
2900656689
33166609
3027511056
2972161908
2924311868
3389099366
3062636129
3028759484
2993653043
3019413337
3063228532
59847807
39530357
34839010
53223298
18243814
2994591759
41039784
47934630
3021599348
33206723
11880521
11801144
71137672
16489823
2824573262
2878004211
2839120486
2886932398
2963608356
2968777436
2998536849
2997148202
2900679342
2937682495
30385478
25434608
25537866
3033176665
3003085208
45682490
2987853451
3029343499
33732029
55937381
48131093
35628527
3070798399
11876447
3080893893
24440132
3036089267
41659625
3025865269
19556031
2983671268
30848871
2994466101
3040780556
3091055887
3053162648
3087890975
50942746
3060121224
47851482
3097322639
3056179215
40018118
31723123
31798738
67404631
27223000
3097304672
48312461
27969804
3080405987
36441266
3107948127
47757423
11832032
3122533563
3083580234
39219875
3021470020
41392095
59877790
3171326983
3246880726
3133096831
36848247
3165527702
35239276
3114360291
3068691051
19841502
46747469
39810004
3162979546
2977528886
3098867241
35739172
48590394
3046682365
3015702328
41760669
2967766756
38077733
2926701555
2959471436
3005885447
2991383936
36774183
58843126
2979325349
2942986704
3008521545
40060168
3002769247
3345645296
53106241
2978076567
15674971
2962919775
2929515624
2906420293
3015435338
34245586
57221389
3134966731
3147163867
68141269
36300314
35544096
2993915321
11593602
21657363
2926527143
2914444200
2869623706
2889429033
2901890969
2984186012
2890716497
15532859
26419756
50441636
57027222
30331753
27394668
2956638702
2961129795
2939746547
37053687
2955711021
2887580427
48204948
35513313
2905529449
68189190
2983845152
21314401
57582588
3043450746
32877988
37360009
39261722
2972521629
52466471
24293519
39569057
3298993742
2905528783
2972608720
3039355133
2875835381
2877082602
2837004940
3016901480
2976696589
3004461327
2973003724
29688047
27528030
3033453883
2893734925
2979523977
46631339
3001713421
51931871
3078726511
42995364
3115518873
3057750889
35564642
3110863862
3381345705
3010792529
3143131976
3027911881
2975183123
27082884
2998238287
2820977767
2812589569
2852615672
2950078781
2911248127
2960732034
28143576
2890140134
2815178068
15742656
3360480997
2933554247
2916447700
2927789999
42335422
14339530
2948543182
39365868
2857987719
2928921548
2907419041
9785738
54017943
36399855
18383425
45380460
20536782
2802336730
2881453088
41909714
40047737
23725183
13580100
2894092740
2792273545
2806731374
2764419435
2764092114
2819017812
39995479
57065980
2917197313
2904717073
2910448031
2930752999
2799583492
2791619579
2859386440
2897544380
2835156289
2796535786
2972933525
54309649
16981170
2844651176
2833347757
37055252
2920527708
49446742
2827919662
2820570019
2883070144
31390317
2906377961
35572570
2911754150
2853387898
2845396415
39628248
59604222
2846431008
2819279340
2922748189
2841652511
2843430220
15619807
2917625398
2948534180
2987866276
42216258
2991713907
15709650
2993387233
3106334533
46833823
3004287665
2876961607
2804650060
33013882
2863768837
23934522
2957436265
3409839751
18478926
28253481
23907409
69174997
22526826
2929002718
2937669215
38198351
49777358
2855453236
27539163
21123887
27177389
2966284467
2878425544
22936119
2845600288
19464573
2882661784
2770344515
12037016
2856885345
2805374383
2851988250
2882976717
30183511
2794185023
26380233
31720821
2797687274
2796912827
2869058344
2975732438
2923036042
48263095
54355022
35546750
27903914
2971305443
2884502596
2822183080
2889435551
36550310
2930127852
40423795
29697700
36725963
24280474
48113934
32267414
41880394
2977367638
2930154032
29168862
2928687373
48384743
34106848
2965530416
31867690
3060527489
3090645423
3030256794
2999946519
39842833
13210785
2993856569
3117180734
3087763326
27961208
3140489870
37904057
64000644
3196172016
3086913045
3082519460
3177140029
3177917062
19898054
3106794195
31175487
3064616930
54383332
52598944
18990675
3127752045
41106257
3034554689
23912658
3010610993
39641608
3010505308
3023339210
3070778300
2991202558
2995806950
3053275918
37155111
2963579680
2989060378
37623668
3085574384
2974881628
2915729901
2922104816
27836902
31032430
2931860726
2994801842
2912725492
38364093
29584060
44734304
3060329908
3081127421
28727571
3034985698
3268973352
3086685975
3111623655
3611134238
3143982461
2972774499
2933145066
23754382
3087578650
3047718180
3006084328
34154233
3013556565
3011937919
2900997065
3000090450
3019719521
3105031001
3003212594
17514141
21667142
36052729
27758221
46012278
3049402385
47278517
3027278475
3077957079
3351153806
2943461165
3013267437
3003814767
3037898941
3028098010
3034152990
23248214
59922403
3041703030
3115140770
3041037723
15850577
3058073725
2860346897
2839562346
2957911505
27567690
43614588
11889385
50767123
53091588
57145986
3006351719
2925595171
3001161324
2974978021
3141580685
41709786
2949423796
11158682
2878656495
2915298805
2972135906
23638781
42352497
39810719
3124937265
2890081734
34965064
2911399275
32401301
39568096
15864052
2938961320
2819799794
2921552888
2888827944
19380387
2953617173
31528793
52776433
2928650684
39679321
2955873775
19310178
50661339
3042193766
3233391552
2946368237
40484496
3194422201
31582739
2982841488
3057453246
3026876163
47114629
45247198
52203151
22755515
35400603
2973622553
49505551
61641209
27928602
43738906
2918393300
52289324
2928538366
2938216745
3021149951
2897105839
39921331
31274078
2962553758
2933826224
2972013552
53182443
2989463338
30892918
49912005
2950562675
2995094458
3081124832
2937167313
2980122843
2891639443
3027660314
3030545288
47628093
3076564971
3014081039
3044475734
16066171
15433700
3097396161
56108886
2921432932
3083597219
2935630433
39878810
3078248080
43887540
27995320
33423665
3041450670
30090929
3122502893
46199498
42334125
44087279
3054634945
3107013205
3131639382
38406304
3065633998
54194220
3004546124
2969211971
42761885
2973414185
59561229
3041988857
27720618
45134373
55995966
60563964
2910472885
3021429734
11170023
23202385
2961491208
2977089340
2954150717
3000396413
33567368
2952658433
3042665942
2976010318
34313995
3114342728
3024283280
3032586041
55907057
3031426674
47982070
3071418671
3063236240
31162230
3115446889
3019052041
45883328
3066918243
30063459
47606745
17083551
3072648450
22385931
29837183
3010522623
47247971
2908351471
2891214216
2972159362
43887793
2915245264
2871428612
28928991
3017099161
32676193
3019734999
3013126041
3080888004
3064484408
45798345
3025765046
3062378051
3321919145
61332334
3110124950
3126402421
2941703945
38335873
31920978
3114779835
35947999
29156252
3028417908
2966084894
2901900398
2952624337
3061369709
3142795394
25899917
65233602
3036956495
3095335257
3025951141
21376169
43780352
3065857929
3019149211
2982078137
3043002231
3077239165
3106776755
41125157
36505211
3064707980
3093931137
3020105182
24144843
3111063145
62108516
56508876
36024549
3064304203
23759840
3076807689
3010167217
28043365
3003880901
3057142164
31792640
12228563
2934193907
2985287244
2972428351
23995043
39534540
37488743
3009240428
3004795173
23117317
2976063635
3020790342
2871306426
2941674834
2930825581
11906521
25293395
39470729
46231349
2972301945
3075606349
3110356845
3124567543
26238243
3136326473
3071347917
3115858013
3190338523
3108367913
39983468
3157342070
3177817800
44256344
47723136
22199212
25002145
3133051510
34515884
3135948094
37730594
3137365642
3235965560
15461133
51976858
3163373012
23821376
3076615043
3257308905
3374799495
3227782803
29662421
3181167484
3141667695
3207398598
3575820421
3177440816
45148842
3154300449
3106443612
3066174403
27634555
3069018330
3094286070
31967175
35773653
2983312209
3071590505
3558531576
3074880075
3025081673
3163118620
56120990
3173445048
39908228
3486770151
42410680
3248054102
3103638622
37704016
55650450
3181473859
27871417
23038248
3170199035
3128025015
3128815884
59361911
3110051046
3154359867
3098356354
3166377746
19820744
25004436
59643613
3184724994
3062105067
3141008598
53104773
3114397376
3154746846
3127427908
48559366
3163625638
71821558
35554116
3070965784
3134508177
32359743
3111010673
3044124448
3082841537
3107782023
59821783
33793127
8963629
28198090
3136616460
3108843692
3115658945
48791797
3194781732
3111757422
3123147780
3032941416
31939493
53460496
3095312249
3010271581
3086065812
64882466
3014759390
3005797361
3079278758
19164580
3081237836
35781876
2901980702
2906937259
35507279
2843074158
2839893853
19909260
39560052
3077926071
43954186
2876174285
2778583551
2849832408
35842005
58501257
2918179061
2981095138
11630200
46976808
28143486
72166515
2885153893
2925359346
15672635
2831964954
3157371000
47434396
3005533762
25702572
3275182255
24071940
2971802187
3053571486
8514325
58671603
3128652529
3130813616
3152643794
3152034772
3380143052
15411700
3095176728
3049243478
3008220725
3102883472
3066828889
3031159238
23671692
3134983788
2980115579
3082371569
47884864
3039950121
3033979966
3059561689
3208622498
35651314
35780009
3088037241
43045649
48703243
3027173494
39593537
3013865802
2991700530
3038660685
2953960242
42281455
2984059753
3037343166
3115302657
11731074
3023732664
3124229156
35488306
33871080
26576325
25885524
3538452675
72692831
3134882400
3170930607
3162775550
31733835
3168131558
3194472670
3086810532
3154170583
3173387046
3152184957
43913343
3143029209
3139612122
3183508071
3113563956
3068729446
3140040935
32343253
3125515612
3095297778
36110567
35599935
3188085514
3075443448
3024087421
3025056177
3062479730
2881978726
2878478535
22197075
3140910921
3002345565
3099835762
42649748
2989693640
3098678984
27855659
3213527623
3086129632
3210979361
35717261
3044467938
3119426211
49688467
3107656844
3058413815
3138646226
24922880
3083781126
3059689078
3108832867
3132065676
3140589456
3114453151
3358569587
35893441
3098344725
3083976686
3041150014
50110095
3077223408
40542703
3092261649
3037482070
3005749401
12327408
3062555756
3191309698
39772882
41386212
3435226449
3217904144
41625917
35995947
3143685033
3090594248
3076722499
27526324
64168665
3174367968
24012798
3109891892
3212200955
3155445386
3149279709
3177231441
19626637
3185259129
3214636125
3068236591
3085678225
2877050052
2818437230
2966449697
2477988456
1786413610
1319019511
