14198323
14491388
29344097
21726648
663595448
2259306491
2295563032
25561737
43774885
2714458555
2900678133
2853125089
2844186159
2874010631
2851780372
21937438
2830244455
41840475
42180116
50209159
34132454
2909677626
49528332
24206040
28723167
42980565
3082127352
3045656911
49239431
3099844910
3029799040
3007544810
3331957914
3133554273
31840222
35788053
3116021640
52024648
14270444
3977106027
3018390596
54878407
22512791
2983817879
3123536544
21955731
3102346260
3004627852
3036422573
3152763271
43146136
3052286827
3130026389
46068442
18086916
3119811835
33289806
3092267990
2979244662
2975184845
3004265849
2973624641
2996757858
33011772
3046985543
24225123
51139140
2969725868
3228130090
3063461834
29602759
2992844397
3038491771
3307732820
30443113
48777544
3173873691
34633593
37893042
3097444740
3151874754
3131647379
3210769641
14119577
21252070
43435203
3157241881
3830638224
46400975
4076438042
3037701281
2924450683
44367352
3162977145
2919196996
2991535124
3018734191
2923161370
42958015
3039679834
3057849750
3176730820
3204244636
26952089
3113348787
2814235277
3002203834
2947253214
3106703481
28967284
3040942575
3078308369
31428695
75060733
3746744191
3109257616
14874444
50066231
21654437
3092423028
3243974110
2906811629
2977766379
3061808393
48359202
2983726610
2972284567
13764053
60153066
45027752
38338566
3000858775
2961064090
4089161551
31941869
3092222208
3125264536
3111836875
33899745
3159081780
3113586552
3128183808
3097301722
3135517094
44172801
3080790321
3022914090
3113135586
3004449386
2986422850
2978423513
34542040
3077922052
3049916614
30042679
3091105701
58932347
70438358
3826197031
59765990
18494801
64534716
3076685988
3034558012
64373831
3958894534
3006961518
42338225
23703752
45281553
51929186
42536260
2929492783
3063077601
3025854667
3055917348
37073546
2952534493
2974792556
22376670
3047326589
2991548848
33945771
43083966
2975019764
36717111
3065230844
2971695169
2948316169
2882090026
36218230
3029060432
2859353228
26702810
3013047046
37994859
63479307
42331938
23054064
3108305148
79769625
49590631
14598758
57069750
2965872672
17357717
37784452
3018391436
3496442893
3118384531
3156439955
3042079787
59634023
25917194
62057727
2991319590
3112301856
2974258797
2855830340
2553782203
2458168969
2465798037
2181655647
2063101357
2020488839
43746340
45465650
45286972
54231741
21380135
2458683965
2473014599
2488876563
55986239
2585692766
2629090673
26279200
2780763568
3153544042
2991834312
3050376586
25955288
35567590
40279633
54618627
50894950
91234070
40339987
3056504627
2933339407
3011331785
46909930
2987126316
2943435489
3005778247
26623481
47828852
2875610044
26178849
42509403
2997489560
51100760
2931520773
3202420714
10041153
22318704
48843684
2958423220
2778286173
2811324459
2814138166
2953347091
50067066
55216661
17961776
56496617
42930846
3129836839
2891174888
2977802170
50779947
51273106
33775453
29689480
2855344416
2914160752
2890968002
34660738
48654496
21761968
2994418142
3003188252
3060381625
2958391737
3018316017
3096712648
32042707
3108212899
3119536359
3154939943
3219730043
22541932
58092152
3090071631
2969933949
3096701454
3237959699
2907045558
35883586
2956807772
3135518558
2948448154
3068681623
30665565
2955004307
3157666727
3345852379
3103277031
33994443
3126988383
3158408493
3111355999
44635424
3182828200
3146140394
37398058
3102610293
28967060
27599656
3136246626
3168427645
3019401965
3130109288
34291714
3150738078
3087865004
3071140058
22229176
24992956
3122517115
3089048306
3204045618
3149298154
19547617
3184282060
3089802474
30448634
30243038
42160344
3126688823
3142292628
3078166260
3161770647
40985183
40499136
23796912
3074089120
21932605
2978514346
2989937010
38141843
3111222849
3096029347
3150858685
10976650
3367919446
3211764078
3684802947
3133638311
4120867418
3185815727
3184866195
17688053
3212262098
3002409852
3133858316
21685998
3086308196
3347998622
25287514
22006404
57125598
4160956407
3222464976
3948821011
3011014636
3056152515
3169400601
3252705582
3177733073
3181040708
3403917461
53782591
40805220
3139322010
3663211064
3293556066
45907022
3043707624
3093169378
20383111
35456872
46064825
54960516
69632419
3022259143
50057609
36319814
40176032
26549061
2627400232
2674270422
3267319784
2780234637
2850921363
18350606
2962892011
2996945970
3132239466
41990238
3070650790
2977845497
3133937611
3166172108
41749337
3003587571
3164346386
3064078453
49245563
50839078
3160234297
21935520
3040123397
3075109526
35908239
3162444911
58851888
49439896
3083428238
22853009
3068807787
3072166860
3048005590
3111373294
17668637
31793745
3021696265
3038082931
3021878177
4110096978
18084373
50680328
19976841
2989219579
2982197392
21958433
38023331
3037726615
3046607061
3095004389
67776418
3149477531
2985041587
3114708775
3140379646
3154246930
4057898573
34049196
47877518
3898048181
3207404817
3112961047
3249879884
3210003979
3296956361
3254412056
4047608883
57172384
3123829784
3163746533
3065557801
3045779517
3097252043
31163219
46925950
3065980050
3235239792
3028094948
3192853186
3072229435
3104541803
17870267
32574959
56174007
83983807
3546993310
40347416
3690634025
66413835
53616969
4108525859
4164610277
5754668007
5724587564
27370995
82223342
6174068606
6133670673
31703605
44855238
62603347
5345757831
5279309173
30096267
7094820104
6849829239
14274335
4705382548
5968386619
44253904
49134446
3202085693
26157267
3079597413
44282584
30084833
20246642
38320729
36680723
3112307413
3032256661
3008737629
3041457263
3082887338
34905709
60905687
14887365
4069626542
4042947970
3111689141
3072804458
3008329218
3018318342
3033587378
3044093670
3117466528
2963490384
3376601918
3031969787
2991380568
3086657056
3200065671
64997374
3183599417
3248738366
52173210
3096600684
3033742684
3002934591
2973418664
3029636870
33531373
3052404324
3006516884
3166246961
4182747535
31512211
9770717
3157229903
2962981703
3024211086
3126393497
38624823
3051477659
3087247934
2930403327
2917836613
48854048
2980803584
3174476723
2998108902
2943732299
2969335271
3207154324
58394840
23826494
36381031
3122405863
3110647357
30751716
62816482
3187521337
3216553300
3175123966
3314724218
3299339319
3179447898
3217690083
47140274
3201949628
27210576
32571417
3192056331
3227721394
30043962
39303019
3273709191
3218321724
3246660337
3232667782
3254497171
29607464
30032451
3121417279
3225600631
44215736
3154718557
3187559522
4040228084
3204114983
3211862189
3102305001
33940678
3066531235
3128632058
31239646
3112830316
3109266128
4255708601
3122969238
3210628149
3110383768
49834399
3122476649
3193143908
3169940732
3100945348
3425107873
28182061
38803966
3051066122
3090502050
50114464
30202043
3128474647
3097502885
3086896239
3157747451
31384263
30815109
2979827445
3092035983
3116527083
3145179686
25750597
53949135
52054308
3162511745
3023266013
2990736374
59963368
3065828419
58099393
3022352525
3319169692
58134100
40378326
2959128795
2977588010
3038895986
3010240244
2935812733
3094141492
3071138768
3120730017
3093625994
29103483
3785197260
3102915050
3139642392
48234231
3057747264
3092057188
36512151
3099624509
21387759
51382212
46031482
49166319
3112367318
31565266
13291359
3142235636
38605600
3171421751
20188343
3015545704
3216545359
3152715607
3130615382
2945961720
65557446
3193972168
38215807
3185090181
3091771345
59157284
3060956919
3301014244
3051988622
23429897
38530697
3034695910
54208692
3039102913
25940274
3009020110
2989173645
2982324370
58208120
26098629
38630899
13983582
54503801
52707844
51857756
34050950
28449041
3034643204
3097710868
3001190048
2946787741
3748453515
2803885709
2677117413
2547104871
2376150183
1880583406
38196246
42940956
54234963
34294378
33918736
50025492
23665524
34182473
33922203
2113886859
2389221257
2399730280
2469793302
2531196166
2652092877
44140412
39541197
2710438198
3060827788
3056787456
2994151029
34709118
3273464911
3066612958
3039396369
3052691462
30011257
22773729
3114438686
3067555723
4059011093
3010351645
3082349919
41996915
3187475653
26317612
3040033207
3171411583
55065270
3186748620
3313281966
3115954057
27382868
53264305
3200890448
3148087709
3128986198
3119006721
3212981870
42312799
3121360884
3079599375
28302883
22129480
3107747064
49876226
37310410
34162762
28075581
3275522851
3169418158
3351872658
3312970902
17878036
59987089
3150454970
3199816499
3112939443
47652151
14789198
52712746
17474823
99599529
3242519622
3194317529
3303289829
3244122587
3042165060
3170627836
3160636692
3198989002
3310696450
3802136940
25184727
3141931759
3147273328
35990270
3109747655
28184245
3066802887
3169001075
3166841076
3157868890
3116167682
3076108263
2990443676
3005095129
3046167782
58961631
3037564735
2902710208
3009223817
2922159090
30129970
3039510713
3089383551
3222206471
2959043700
3119191131
3102788665
3007530286
2978674881
2954817139
2977393389
38524463
3146642757
3076960680
2978373635
3062802136
52441688
2985330693
2993794448
3035740234
3108116685
3002714792
14598188
3251564524
49656620
3062367872
2992187332
74507719
26302022
38178756
66498852
3044343308
3061155125
30453439
65497947
60748049
46240117
3085798023
3080452342
40575345
33880175
3069308837
3297488221
3386124280
3194154909
46984321
29046499
3495756816
3132370108
62284536
35053938
3258039424
3081955034
3155197418
3441132424
52715979
3114924576
3165644775
3210274437
3790759988
26109510
4081436367
54379659
38869203
30346532
3091203158
3354822378
3158439478
3118012954
3096201025
41555681
3238505430
3072779607
58263746
46985844
3189782685
3407133706
3226574950
3195778359
3014050459
3110098221
3229709889
3123991687
3147205616
4175999444
3220911757
3326763576
3155047478
49851088
3108172004
24223720
30031998
78786087
22014118
54910808
2991981189
3135701466
3050808116
3062698639
3079776015
52723357
3052349027
70010723
34218902
3143121875
3145012219
26247994
3182791879
38299019
3332423957
3174375026
78468418
3208216667
14264427
3189683088
3396729947
3293003208
4108526676
3246390272
3186351259
34127273
23680129
3176195589
57309295
17445998
33057591
17659728
42532913
33797889
32999467
3167644456
29921894
18614109
3156047373
31631171
53618726
3159407327
4143937871
3083958301
54064530
3051384255
49197087
3168184275
3324357030
2989657058
30436225
3049744633
3266414798
3087504972
4117795717
3047056268
3113752318
24471337
3105862325
3038579325
3151211779
3111592420
3200972260
3138885456
3085044237
3018938367
3083712063
50016504
53683215
22360201
3164551658
3896200062
3147408832
3048632807
25659745
3038710524
3035566123
2961874722
3006537476
22923814
61346978
2976063297
13999214
3075646574
41884945
3024032162
2997218002
3030735552
3109169250
2977269874
22243507
2914656810
2994970759
34335415
3078215080
3044402831
58566059
3000015352
54517515
47973278
3049019784
3059222886
3079898085
37794850
31740748
3088532906
3118277376
2921427195
52692134
35121827
3020544195
44343599
59768839
25276779
3263011549
24283174
71641426
2975457003
2959364219
51898332
2964664255
2973467586
17663319
3109637257
3997175484
3018134929
19409899
46220718
3041597000
3184987602
3113281512
3110274645
3217126599
3147293059
3054018927
3118347270
3054544233
3085531639
30790079
3156706606
2921565682
3039497527
34722470
2974192700
46016229
40331901
2839558233
2976025899
3031373712
23837429
2931237310
2958504408
2951267235
31078773
62380897
2966726557
2964121398
38340304
2943027611
30053264
2999134091
26693883
2883569082
36569999
2981186730
2869882330
17239215
3109184337
3122086296
3029180271
34099976
3015703741
3039401856
3044714013
3010243385
3257046966
3013682585
32365877
25693379
59756298
43120289
4028475010
38063296
2953671733
2812009424
2797257941
36505151
40803682
3052424143
3192897942
3087441274
3125161852
3075535721
3167896368
34065191
31058225
3315902057
21565769
3130425525
3154185623
26630898
3204096016
30680861
3717832030
23304815
3243333300
3247690902
3180302058
3185146478
3624831002
3231786170
3969616121
3232151490
3088159136
3121926817
25064664
3039642167
3014712181
3006009997
3078259133
3038008275
2914241083
2834480043
54065319
3023029871
2969777013
2932401134
2932872697
2969993052
2988309130
37530916
2985180582
18085061
33208538
4021088294
62150386
3048243569
2939912047
2894265609
2934092689
3208667330
54098836
55296780
57806040
2989264434
2943637974
3015413711
2936555050
2983289463
2823076289
3055176337
2902771660
3026594195
3036886274
25839750
30193911
41113784
58863786
2783202845
2910847036
2999557851
50642529
3022232867
3076717532
3129195154
3104091904
3135703338
3214321603
3018490331
31341902
29197196
33695583
41815130
3159384370
4086592372
4055157520
3256102804
17728031
3166703430
3057533008
3145492658
3120677737
3421407528
47847726
3213914979
26035274
87310068
3105162329
34133219
3078356258
3053349861
3014862961
65395957
55018300
3024791953
3029948932
3115279632
40070431
2996476453
2987822868
2989854063
37081893
59462487
49046131
37314616
46804623
55667799
41991981
2925262138
3062613715
2932476173
3012310577
46437847
25879371
3037974156
66397577
3105537762
3098755917
63985308
3055443397
3003017381
3042529324
31588850
22204020
3181268356
3158142326
3112800573
3013647313
3023260455
30312670
3107525114
2995449573
43179536
45850106
3157651597
3277437454
30098643
18843198
3162938034
4215474989
3146641354
3151263064
3159327225
18062820
3220556114
48816744
21888675
54232735
3148454511
21534492
3275169119
3123567312
3061790913
3261615927
4062408351
22279336
3001368620
3101339788
3051289944
3107145060
43770714
3161707940
24441018
3112220878
3040027842
3141029702
3016065929
3078761951
3122622128
3086982527
3112450412
3311992988
3093419321
38140845
3102810802
3223532394
3055101483
3080939294
2997283275
29963502
54065037
3061093775
21310954
3116839827
3041627700
3079477018
3083955901
3186440883
3098661607
40991581
10907591
29088387
20548156
2905759631
3007763618
15143814
3009202515
3111009207
3816008488
3139323366
3282379940
40443984
3159789321
52677331
35015799
3171727496
3121290354
3062773906
2979389477
17014182
3127236987
3082505436
3058735131
2990918464
3049869816
36281093
94728299
26314095
59732239
3223375556
2973460768
19722413
2987703769
3028350703
22287898
3010740857
34277041
3121049431
2906587861
43588967
21441129
3065030935
3073217759
15649747
19653886
3044789184
3020177101
2958698180
3069691203
59533928
3073911067
3040290715
17926090
3086692149
3122535554
3062152462
3107476332
3099088055
18395003
15129969
49594826
3047349538
3038221225
3019838449
4044361013
3315969845
3162412010
53683226
60535340
46927803
3154746724
64921146
46352439
31000024
26007729
50343439
52447103
47072736
14015176
2966743676
3626954716
51497790
3233075635
3202804675
3446223697
39597106
38066055
2944705021
43915240
21797653
4189676873
3260740358
3129449022
3019600450
3062822582
4099246326
25843882
3030500477
3372709665
3014544272
3033989023
2951223828
20862701
3108974204
3029890541
56017738
3084743724
3222651551
3111829568
3152411123
40628171
35331339
26268065
37542461
3001064479
3173919838
49338966
41917241
37226933
2965362396
3063052772
52187843
2954693126
3050384243
2790541326
2907059697
2973853230
21399807
3037358581
3937256460
25791418
3034129303
11783501
20565605
2999515315
3106245940
31797238
3014233202
22074522
2960743710
22013053
2877937829
3065076280
32790293
3104902345
3019910510
3013055462
2964881844
32444260
47629750
3329783124
2933515882
49298498
2918278689
53682344
26109684
3047768145
2978682014
25745853
51256297
3086074506
27227806
3843437283
2905322647
2993877042
2874359306
22334572
34252173
37334540
2939063007
3045435451
3080921405
54418304
29855318
3325206517
3092803416
39595825
3320127674
3260486298
3187055158
3414763288
42414522
3319745882
65075727
3128076012
3119620127
55323428
39266387
3102937403
3097020896
44395189
9716620
47752381
3405182821
3153857288
12041250
4125252265
3043840459
3105856634
56652528
22346582
4187687563
3110212110
3059034184
53821710
48185298
21946543
30508670
2988976863
3022404545
2931109567
2962216451
46321140
41461387
3015697063
42641258
2996272967
20789969
2990282120
20236639
2897054837
40434443
54382832
2976586362
42895276
38096108
3025964443
54464842
2960447269
3095026895
3242338565
3075047994
22959553
3080504056
46295568
3039915807
3303897723
3148095410
9867350
55222468
14008448
3156094431
54535305
34134827
3097999073
3100194503
3008755633
3136912645
3156332723
25739328
3062571297
42418728
26379975
3167434053
3010820514
39339240
21284974
55692834
3180019689
3034014985
2890672609
3037419873
3066196284
3048720222
3029323672
21082703
3166771679
3103501555
22447275
3121783205
46035979
48039375
3071693684
3082611173
3105491481
37648337
2933896391
3330150681
2966753732
3044298880
3038285750
2980844032
58743028
35469417
3063158281
3036467661
3042261780
3711392155
3009736533
2998928294
3041257307
3011067142
28411981
3011767228
18810385
30308677
40876306
3295809678
2968187800
2884808810
71889631
2878616492
3025521577
16913869
38028632
3164172712
3857082625
3024925907
41899937
26033049
30447134
37887324
21542495
3764820693
41946549
2956631251
2973334111
36620725
3197893660
3093233239
3049748275
3014132210
3040127458
26625586
30225817
47046320
57741261
3077174107
3007184156
26024951
69794579
2902947307
35426507
3075748179
3018122937
2926611165
4092722245
3235844439
3140784853
3048609672
3228580019
3123484540
62367946
41800027
37031196
55450513
23257490
3058152450
43275623
50230049
3105871284
35447895
14137395
14069988
89305373
18765458
2873344298
2925723989
2915403593
2962441089
3223949729
3037270772
3050500498
3127970619
3003940034
3155308982
32668895
27699357
27795654
3099565464
3111536896
48043924
3060533586
3141151358
36036652
58245855
50396127
37887658
3141515083
14102522
3184990328
26671535
3096538702
43886233
3109385230
21812660
3048809072
33124721
3066413259
3104585040
3148968377
3097150601
3138874458
53189482
3130869041
50063327
3161619868
3112720006
42263244
33986092
34802507
69684888
29476879
3154410143
50534257
30220128
3124536661
38714027
3195642713
50016439
14110350
3172248174
3135415714
41479536
3099338041
43652456
62145950
3234493957
3296949736
3206583308
39102243
3218474340
52884109
3152776630
3124010214
22134128
48965266
42007454
3212665663
2979821030
3151665945
38001403
50883455
3146903755
3075682096
44049550
3022968836
40293786
3002694061
3042188022
3052063477
3042461729
39038064
61016319
3040386489
3017952146
3136924738
42338037
3059592641
4100711963
55393741
3033405607
17872363
3027007779
3008739577
3026948298
3058768562
36504385
59406015
3782225289
3881329946
70402995
38588534
37773048
3053497026
13900315
23846191
3029631979
2967977290
2925176597
2977055935
2980748328
3048052055
2892968486
17933422
28801208
52630500
77915115
32596759
29659558
2958908995
3069264422
3003292058
39359298
2958164473
2967763160
50461391
37717637
2907811753
78294493
3061603797
23550569
84886944
3088123273
35094087
39595812
41534350
3011673470
54665970
26516343
41749462
3919480974
2988863866
3064205824
3074617462
2954065210
2879269660
2929530493
3248246919
3059115795
3119188922
3009989597
31916913
29738880
3082628216
3007420816
3095925794
48981396
3097609151
54187898
3238139029
45210459
3187252088
3118271221
37761918
3147857191
4037700652
3065143865
3192844347
3073782006
3073013169
29380670
3069106315
2887941819
2882534721
2896448821
2990012286
2975382400
2983632927
30386118
2940241908
2886325329
17999894
4085106587
2994686347
2958599361
2973863160
45683394
16566255
3025962562
54963096
2916663187
2966714180
2942987247
12078801
56205196
38714983
20568427
47680933
22807775
2853306539
2926355719
44471183
42340834
26012369
15848498
2961174590
2854543921
2852401178
2827858015
2824071936
2885114998
42259697
68064564
2972786618
3080436178
2960497681
3030647841
2860574451
2840612184
2923789126
2999890792
2898921785
2823474436
3024081520
59678064
19218381
2931402259
2923645708
39310124
2922803720
51718648
2902794840
2903382535
2971180434
33900167
2960233535
37779849
2957037463
2894821720
2893359264
41820162
61874945
2848714373
2821566143
3007444855
2894298090
2910306582
18010405
2971644077
3012224235
3051242296
44425620
3051280659
17955438
3141164026
3766605639
49094621
3043634134
2911824329
2875781017
35250946
2865971880
26145375
3015313879
4059323104
20744778
30515347
26177198
95198544
24727190
2991495898
2984693898
40629715
52187693
2910777293
29788641
23471604
29393362
3015629124
3015871308
25205088
2897793087
21676805
2943252884
2772562065
14297509
2912294088
2872130513
2895890592
2927452647
36516025
2841904705
28666347
35576481
2846250747
2984746149
2967403199
3056703874
2960539342
50572987
57908470
37831272
30193123
3046205264
2951154791
2869592066
2958996657
38774630
3000381296
42628241
31915729
38930209
26482113
50356045
34461492
44178553
3023600537
3195901228
31440746
2999388524
50640372
36377106
3029857961
34125846
3134275986
3152806778
3087698593
3058694492
42069945
15449765
3215620265
3170362146
3171320173
30222662
3205069372
40158444
66290091
3365749963
3177427742
3140997215
3280694349
3256326436
22147395
3157086006
33502912
3128330816
65968225
54862253
21279091
3267389546
43389558
3120948687
26188381
3107666795
41912144
3132855546
3130864883
3135863541
3066260972
3072318594
3103705004
39342190
2965849919
2991328889
39880790
3165102164
3096218173
2991023251
2994993924
30195477
33384897
3025012198
3061181698
2991266949
40619200
31832294
47001403
3148235865
3310297629
30944933
3090792801
3963628777
3173162745
3170334762
4308180095
3187636259
3059666051
2987409371
26006784
3154996716
3098842843
3064720345
36417035
3095955649
3049834773
2961146334
3122548573
3084693556
3155770462
3058349905
20006189
24172873
38519573
29986432
48288087
3207147277
49529238
3175586444
3699311542
4042523117
2945722782
3080835978
3038424393
3119300383
3080308729
3115163243
25444255
62189742
3103651009
3157011835
3090584593
18108028
3148451906
2919767577
2906249455
3066071402
29913922
81313778
14175000
53054773
55410040
59444578
3039548367
2967726378
3144454120
3019815343
3606392449
43951301
2994505479
13409664
2937419471
2998299085
3048904109
25896673
44644958
42091049
3310370159
2951736247
37208484
2959807171
34656565
43826790
18097565
3188183862
2883045868
2978634103
2935375415
21805910
3019118942
33796821
55044816
3001492947
41936031
2958102981
21525119
52906297
3147541011
3939351743
2987448829
42693794
3773219230
33827259
3077679093
3126112915
3069590737
49372237
47467658
54490784
25003831
37600018
3004456380
51756939
63954048
30157294
45992494
2982364589
54576808
2978309418
3045827305
3049187400
2899415208
55186025
33546780
3050163475
3013083803
3044541149
55439371
3032828960
34336873
52196650
2952764606
3070991595
3155405006
2941972247
3036451574
2938605919
3138145938
3083037761
49917673
3124683484
3068028742
3046730029
18327338
17727601
3127170036
58422183
2923681723
3132535549
2998439776
42122044
3158114408
47769635
30267253
35713000
3102799883
32351944
3212774343
48467510
44630227
46377289
3134189620
3168551803
3203121233
41532848
3136543648
56393989
3076874766
3034484988
45139481
3065331312
61823410
3083856504
30067153
47401300
58307971
62868490
2912722297
3097120795
13460013
25445121
3018281123
3048243372
2989814887
3065188531
35824631
3043067276
3103060728
3054979949
36583848
3167395256
3066967072
3112079891
58184252
3095454651
50243641
3162012304
3129750815
33433918
3180473560
3102474213
48120123
3130872721
32461333
49898256
19348430
3134632265
24664685
32146813
3071498661
49523632
2950821437
2938997837
3139605636
46309633
2930634465
2942343544
31166321
3085654052
34943823
3069866516
3294413727
3083103024
3066843817
48005093
3081346589
3125951694
3965039153
63653416
3175474898
3182810922
2943965306
40611049
34160281
3168017088
38203768
31434624
3231321890
3037042049
2960491333
3017337999
3114889406
3782011293
28169775
70744205
3245957116
3144045817
3078170962
23664154
46085531
3137217905
3096539103
3054439164
3092217474
3254978068
3175106509
43407788
38772311
3106939605
3156614034
3114887882
26409711
3173804288
64379617
58778813
38295966
3189583574
26027584
3148181100
3066659642
30263458
3055811541
3106260587
34063207
14453900
2992511362
3042328910
3034960851
26266607
43494090
42274708
3132679224
3058479177
25401846
3042791862
3085919175
2925158284
2990932541
2990080594
14169146
27501547
41730225
64207620
3054584772
3159254913
3174712617
3161929037
28526149
3249338896
3138235715
3214531262
3240497047
3175823419
42252616
3213875976
3708210132
46523698
49955996
24453312
27293394
3304999833
36786892
3215093107
40012883
3209132010
3908939472
17649909
56269491
3219852129
26088295
3264153296
3529931925
4118981743
3290265527
31937192
3266960009
3210230529
3283934190
4341777824
3233294098
47425143
3207017148
3159086661
3131227962
29896944
3071281085
3153199716
34236891
38041425
3079864632
3143496604
4282832711
3129347960
3086787488
3222969974
58365682
3238699333
42119599
4208394845
44665521
3313020383
3162961046
40073048
57993845
3211712747
30155050
25312628
3238915294
3178788269
3253141371
63161812
3164528520
3224684743
3188915427
3219304602
22088114
27269408
64840583
3272497770
3137298284
3299427963
55399215
3190062410
3219021242
3192367186
50834445
3213794324
74088586
37838810
3154690854
3241863079
34654626
3178370846
3138414159
3085119185
3164505673
62107180
36088712
11261527
30484203
3189925266
3177651544
3174382910
51054874
3258810533
3298982172
3190228484
3095354688
34240370
73022341
3173250117
3012535715
3172773672
67145741
3109452573
3109155240
3167032528
21420949
3140993382
38092442
2967725516
3062222453
37711758
2845369493
2907115459
22140774
67066942
3675979132
46245244
2979227416
2860100418
2890103332
38102841
60731665
2989065125
3026318366
14102002
49339327
30408111
88777240
2941413580
2990088618
17862802
2945360409
3367215059
49695539
3084544388
27931243
3977127209
26374001
3055753631
3179960671
10780198
60948813
3208854230
3191544916
3240400665
3206826455
4033453381
17661177
3165993139
3116787653
3090260532
3183123715
3127576057
3033438060
25888416
3390649938
3070527499
3151097485
50145152
3132081873
3102705287
3152344621
3615084267
37914147
38021623
3146408101
45289434
51095212
3091173653
41832833
3077805273
3056931379
3202019803
3025836840
46949717
3075496396
3135890236
3195848118
13997131
3114905537
3202831174
37763948
36119788
28788930
28154599
4227809985
74993964
3193644890
3250772867
3246081989
33994211
3243624144
3248155879
3142624359
3255726150
3248068850
3213997321
46176086
3202102013
3425269097
3249941079
3212727895
3128636712
3268022725
34605420
3212491880
3174084358
38379942
37857082
3658896597
3134996527
3096092264
3069149280
3117003692
2944307450
2976240771
24454905
3205574822
3004546861
3154152972
44908601
3079573297
3242124940
30076415
3678950170
3147252519
3268535516
37974296
3127697942
3182682964
51966743
3160071217
3130093767
3378812278
27164179
3137008942
3124431315
3253264286
3219667312
3212920328
3156936246
4002805554
38145635
3182304508
3169764809
3043419087
58543535
3143423839
42804062
3146735437
3106470696
3055135940
14588498
3142017466
3277803031
42020088
43637358
4166292480
3272714324
43895893
38254262
3189696702
3162901855
3116361485
29758199
66426376
3276775972
26294772
3112157429
3312773648
3223644261
3198297661
3223028592
21885205
3457585889
3259593673
3136305801
3135581003
2918502374
2854885864
3181246049
2492802074
1797490749
1337220580
