3818910
3947139
3783764
223294949
3948497
6338331
7543602
3814394
4998664
3825303
3637305
3716949
9518296
13262676
524957843
3614224
3638457
3827325
15485641
3706615
606859463
3644770
3522295
3659082
3623683
657480180
3588454
7991192
3887849
3858001
26430317
1146266807
3886007
3886419
3743678
1375723485
3903588
15769365
1537716260
3741260
1524347473
3848947
1597631563
3724481
1579700422
3663615
3928587
3644997
3765229
3673965
3778740
3692179
3795092
1615329602
7686416
1344647345
3686152
1116112895
3712465
3654531
3671964
625196818
3710679
3847787
3637171
7846565
3730075
7159191
807176883
3582365
3687547
823197949
3731009
3751062
3664955
3706922
3756939
897212813
11799204
729927781
3853011
3788126
3721765
667467016
3735150
627237254
3827609
529823150
3677179
3737024
3859506
3794864
3730003
3894529
206915404
3843492
3774646
3870124
3950614
224385345
3615701
3897775
3810121
4399811
218302060
3847830
3924314
3851366
3996026
3629132
3911823
3590560
3809682
3806323
3677469
269135516
3752999
3886374
3866914
282717687
3787102
3924998
3850735
209573827
3901896
3830050
3941838
3681558
3843406
211341150
3887706
316685424
7661739
7925117
325670208
7831892
3816676
212663529
3724583
3910423
3757902
4341730
6500570
5235546
8130970
3761219
11697421
419752450
3633892
3708204
4091656
3774564
3774451
676638789
755729604
3857997
774312908
3844017
3827342
11785614
11952797
3929562
3982278
18246810
799830952
3817707
805054784
823927012
7791826
3950566
3852553
3779198
8465006
927859967
883039086
913410949
3859440
3864860
3637355
3655953
954296419
3754101
1024211674
3671330
1058413835
3931435
3842338
1041738526
1060061772
3664513
1181171735
3767431
961901902
3701458
6834608
3764565
7759831
3587180
3574978
3737892
3862044
3882738
872503829
3921605
870118921
3875014
3808441
873455610
3936302
3889956
3675828
871392778
3898006
3846040
4002742
7903016
7929184
7755073
6111813
3901546
3831031
834356448
7070127
862219272
11638731
6322779
10436932
961704488
3805261
1256566775
3819763
3601282
1322199170
3932210
3946022
3919570
3814615
1375564700
3880205
4436447
1330518744
3624376
3655004
1406011583
1316466473
4030562
7749225
1156320980
3742112
3802660
3718756
3719946
496320706
3973402
3867648
3921612
3545164
3837541
365341807
3853768
415507596
3855596
3712114
633624879
3709288
603026678
3843117
3707482
718576267
3748250
448888007
3833429
3818026
7850468
690037385
3880941
3796787
851656787
995363618
3651214
1017697865
4167029
1065036396
4085041
3907728
4034803
1009694676
1053366941
7672698
7680112
1057753143
5715994
3607611
6105150
3698872
11720536
3592707
1078791932
3601341
3610913
1065874312
3733192
3826887
3740702
991825573
983887355
7852192
3762834
3975852
791280520
754264768
664072475
394710510
411499699
3914023
3897604
3958753
203016009
3709251
3805371
201178841
3756045
3780604
310843128
3798365
311283540
3740022
3872513
3541515
3686673
3664529
3925766
3847598
390067103
3888557
4736299
3890740
476547713
453974286
8013166
7894399
425321022
382007078
3965202
4041849
227890232
3496907
3789633
3673546
3736338
3486642
3679461
3728259
3749816
3767297
3800521
3638263
232336813
3792293
207380118
3746357
3679262
3544378
4036345
3573067
3833132
3565879
3687798
3664180
3979654
299517698
3832201
306901188
3706882
3634328
3847854
3880633
15925770
3871264
473724615
4383106
546742016
3714053
3806399
3627433
620064014
3676636
3971094
7708514
3525959
849520366
1200963131
3997402
1300534139
1262919350
3874039
3820280
3877293
5318126
3867380
1591124354
3803472
1604438514
1641724668
3849570
3741827
3753897
1701258362
3800434
3798079
3843324
3782081
1639361075
1670351745
1633520075
9828966
3893730
1560219560
3717544
4994641
7980103
11985241
3718792
3755008
3647348
1299930231
1336142160
3691760
7733535
7795173
1200450874
3665801
15835664
4769470
3852961
3886231
3896690
3774187
1262828735
1319312515
1446914872
3850736
3788475
1721532374
1756467079
1800540653
5277856
3922342
1815598113
7775099
1824830513
3874187
3758922
1776644048
3773829
3791311
3836800
3903017
7696489
1816888379
3739338
3813126
1926515166
1742213125
1637501691
3694632
3897670
3760098
3864370
1603355967
3887075
1567563514
7811310
3771754
3815205
7785739
3834011
3809097
1539075415
3750595
1476077767
1430496919
3747096
3779061
7506175
3700709
3646058
4893164
9621712
10316784
1292984270
3566153
20003608
3818150
3535703
3666986
1035923249
1249602871
899006179
3683438
3498463
3911636
3499690
10644230
3800493
217103832
3867569
7797804
3860998
214978944
3729491
3841199
3675459
4063196
3827330
3705667
3842797
5416365
219243244
3993345
3896649
297199332
3889968
3922067
299616315
3935793
3903539
3856463
347601467
3734086
3817977
547044833
7831480
3907001
3786038
3808938
724548613
4189457
848646602
854986300
3780734
7809434
3831128
7783633
3634050
3733613
11621725
7780759
3735359
3789386
7922350
912646245
3650483
921500254
3808398
3762000
3647287
3713222
837748171
3746680
3868821
3803044
3827326
857609515
802573734
7811655
3797950
788419911
3971900
3831334
3753676
776233800
672856034
3806865
575233112
3908333
485362616
3852569
3815852
353352674
4156950
3937937
3758720
831787222
841154716
7666728
3852098
839025016
6361044
894067083
7866329
3801242
3922363
3955052
3793945
3860400
480665014
4070246
942221161
975564445
3894608
3782843
3800842
3765517
4489150
1327874262
1327393419
3774189
11154863
3714217
3567451
15662303
3679917
3541602
3736564
3642888
1502457723
3673247
3641497
1438468620
5961388
1576426970
1456471987
7821599
3853848
9471798
1384944760
3723125
3489930
3791538
1283609735
15882920
3784399
4126554
13269198
19863515
3866886
3822826
1470845710
1414719471
1517768616
3918805
3805562
3856552
1667315780
3733798
1645854012
3735249
1727007750
7619125
3805438
11723655
1794146914
4510952
11841487
3743239
3670175
1545144657
3670933
1774910853
4197523
1561796159
11838214
3913006
1435207502
3815492
3869955
3592012
3796750
3817618
1309421828
3864828
3764935
1218715656
3696685
3821915
3882989
7853669
1089862293
915718720
853504441
3884286
3858836
423793686
3760443
3885497
3912108
227206043
3783087
3906619
3792665
3814237
3865502
3584379
378640942
4061293
16101782
3752847
3851513
7861845
3735414
3747807
3688904
3718439
671791701
3698794
719019555
676708300
3832364
3917913
3954971
3900362
3875744
3878947
520362326
3947050
718201756
3862581
4643956
844095949
855943257
3821437
3868799
3821008
8065909
3712913
3768357
3816485
3743345
1229514730
3753511
3767073
1308123414
3789521
17019201
1440742398
3749437
1514257061
1575756916
3830155
15748901
3820307
3744296
3770012
1701548092
1640339075
1655000422
3797463
3820355
3830814
3800460
1573735057
1547262221
1507603648
3818721
3787159
11034287
11545318
3548511
1329668873
3593021
1393650132
3724789
1253056293
3626318
3621214
3726045
11697920
3774808
3699958
3777536
3827699
3662727
3699533
1106306840
3695579
727663856
680050037
3838678
3607144
6863511
5624202
349439566
3758861
3746654
7609108
13880883
3793445
3486863
3602992
3667291
3755923
11699295
3725250
3868480
3573064
3897241
3577200
3648997
891039432
901175381
6057492
3948912
3662883
1003146130
3670655
3836261
3983622
3707602
3795423
1157561750
4682027
1143913889
7787135
3827070
3657990
3596366
3571906
963294354
912829332
1056093595
3595844
3584361
3598846
3748765
3698757
3829489
3725867
3659923
3711626
3961160
7816276
410321239
3713015
3817264
3814119
3662413
516866903
490971425
3607094
3807973
4015503
3798942
3867001
3808848
7812237
3800343
403631289
3842201
485209547
3661821
467515812
3754069
3947792
3739034
11722920
7741335
3805031
11819070
3829364
3766800
618679289
3850535
624882400
7774349
3764607
3700221
3645573
3564498
5905911
3695767
3831048
643901361
597397649
3573582
3664956
3593796
3674913
3758330
3835545
3807036
3711013
3760773
3740192
3851183
7744477
475372230
7755773
3902220
3754889
3823303
3641458
3897959
3700519
7609148
3630914
3731559
916646714
3648227
7921139
3689139
905345446
6252422
4027632
7728717
7840305
1004720393
8609015
3828825
3857951
3790174
1166538592
1583375815
3783228
1649891557
1657861239
16868331
1866140569
1887817076
7734371
1861901020
1897356536
3912574
1814404198
3737514
3952231
15810857
3798180
3827003
7860682
1586239774
3691131
1855356235
3879572
3716472
12908085
1573794407
11904163
3812501
1499776954
3913010
3789079
3932858
7641478
3809963
7674588
3616019
7917068
7582153
1490985396
8014866
3784921
1410964145
1372214136
3659755
3674894
3650863
1219924083
1509289082
3632084
3734231
3705116
3912594
3687369
626824122
7842872
629659396
3729049
4513175
3739553
3742026
856840571
849032311
3764660
3692084
829770107
5177739
3752249
3828998
3720192
837457067
3762749
3651692
624789070
3712483
607968773
7781568
3944220
493552957
3590003
8038140
3782051
365799146
4005356
4002821
3589837
4002916
218111565
3662888
3763812
7818000
3940906
3773822
227546008
7825366
3792050
11912646
344465845
3623428
356435091
3646941
3519117
3740934
3891662
3685415
3736869
3845613
5722994
3887625
3686532
228664553
3945149
3637102
3529079
3739290
7894206
7273782
280834830
3757717
275121851
3724133
3753452
3749151
3661038
256283571
3632897
344112636
6913069
7763761
3952297
3974213
345025480
3697377
3930137
445782094
3832596
7862536
3878559
498081104
3812964
495119854
3961611
3778691
257949065
3868520
3847004
3793713
3660872
3732620
3714179
3812545
3929217
3814687
7919018
216605576
3965819
215149985
3777491
3911454
3877347
3903855
3910085
3986828
234866078
3733032
3762906
387930511
3723395
3874671
3594977
3907842
3681823
3642775
489737160
3925955
3759761
493609249
3835573
3715348
3693691
341200321
3827486
3657035
3568278
3812414
7740064
8090137
217734465
3703171
3744942
3839471
3722205
3781527
3814047
3754090
3835657
438982830
432282109
3738356
3863373
3845978
3689284
7737975
3741785
488806669
3749272
3815470
3838824
3619297
658090099
3654723
3737838
6644928
11699085
3781488
11554542
778232124
3851698
3749032
3603870
868742351
3875026
3876539
7831725
3984310
912089844
889300937
801450764
3683655
3615318
635389549
3586903
3771992
7825093
517418559
4009717
3938116
3909328
3841019
3763428
3768503
3832100
988634202
14028716
1014816106
1043380571
3687090
987475322
910987265
3746709
3706500
3880141
3646601
3705014
3756539
7230909
3705441
7746161
7690565
7839097
3909913
3904748
3814812
7939656
1130008648
1430201529
22225818
1799379441
1810552515
3776157
1832770106
1864965438
17027657
3670935
7734377
1837590493
3710447
3665640
1936330899
3845942
3704174
4781857
1928342416
3710088
1500326876
1810774720
3500998
3610489
1078757072
3887737
3693079
3874028
3673073
1249374099
3668348
3850080
1108151415
995406151
7667140
941149121
3797928
3775220
3882609
3775559
3802080
3743815
815681425
5436696
3530509
5510220
3400001
7457243
6549124
845082864
3872613
918287982
16055596
3966896
3711666
3932547
1117111853
3648956
1137474920
4028423
7514704
8144273
3605342
1143664497
3730461
6845155
3667484
1100498361
3748155
3702634
3525360
3705917
1037440710
751713925
3644490
3896834
3802425
445200374
365234563
3808195
3770291
3934302
350164693
355947879
3816665
3876267
3976103
3849043
3767706
361513410
3979993
426146952
3833166
3801710
3784792
3682507
8635641
762010333
3811204
3804870
1639953874
1732071116
1735531172
3842755
3741408
1753816640
1822596972
8657110
7848750
3740859
1811993166
7001016
1799198243
14522412
6771391
3622878
3743678
1476059360
3766223
3732165
3772513
1303083959
797082945
3878499
3781488
685210335
3791507
619547115
593247174
3627046
366440274
253983989
3672782
7887675
344981347
349510174
7903955
5810261
214916839
3723739
3794748
3864788
3778277
3836472
3911299
329119286
340895674
