26090345
26238979
26060577
249635287
26228778
28529476
29725060
26067808
27283880
26139913
25794966
25906704
31778838
35522365
561167527
25799359
25816302
26035079
37652210
25888856
648156242
25839184
25701693
25849152
25869701
691510938
25769315
30176903
26174295
26133351
48708948
1222507957
26161069
26156917
25996418
1466615482
26183026
38051371
1608718851
25950207
1614655329
26059427
1650034800
25932901
1621938665
25897398
26235505
25815785
25968461
25867566
25985154
25913688
26037942
1831674908
29945510
1381437625
25897346
1155263335
25895307
25935548
25893665
828151686
25926349
26141159
25834076
30129365
26026346
29373590
872926893
25788994
25946552
866197695
25910571
25945697
25847091
25903236
25944273
1126295493
34082289
771339686
26135092
26106517
25980874
710860434
26028845
670072256
26080186
556008535
25881080
26022892
26132473
26087688
25960595
26168978
233372179
26116049
26063837
26157165
26267192
265388691
25822049
26208750
26097226
26693346
244694468
26139437
26219547
26141075
26319302
25820876
26203295
25766157
26094990
26148921
25938771
304597803
26003235
26173882
26104491
309052903
26066680
26242832
26125331
235968827
26213823
26109815
26232232
25875178
26148940
237762776
26167185
345825894
29876603
30232448
351937455
30111700
26096814
238877559
25951137
26142208
26004074
26563908
28678092
27537468
30314026
26007009
33869724
459976872
25861562
25976734
26360678
26057524
26037463
727799478
801282504
26148919
819004944
26124055
26142922
33946293
34246490
26206963
26270440
40426649
854366138
26045143
864533371
861507257
31559007
26242016
26128742
26065616
30691213
983794556
931693576
959230478
26180264
26130215
25883903
25856175
989456518
26057970
1073409846
25892248
1182486163
26197789
26071879
1080751570
1105697000
25875075
1481343292
25955780
1017490919
25929517
29068966
26025915
30005734
25873111
25829805
26018713
26137088
26170731
914363953
26194389
915139522
26173049
26038425
925613381
26248099
28996510
25855699
916123958
26132700
26072335
26325470
30133345
30183331
29957622
28327486
26198785
26124829
892995976
29365527
915307133
33883515
28584770
32725346
1047351623
26107969
1308342647
26111947
25826155
1375105746
26223004
26222655
33896554
26078493
1449806381
26120604
26681746
1374915345
25816553
25861598
1641061582
1354513896
26328163
29918423
1193049361
25940011
25985629
25965215
25970507
526406995
26212837
26097223
26202050
25743658
26115119
398389006
26129772
447194915
26132747
26015482
677690233
25911537
877701057
26047610
25953419
892527375
25974330
483246952
26116825
26102390
30154067
739360461
26145633
26008259
910974892
1059189634
25848421
1090824751
26399596
1111859424
26315377
26194115
26262642
1068463426
1105929624
29922210
29955016
1126508363
27990529
25826351
28307541
25925223
33924291
25783437
1126868740
25791235
25797549
1102912572
25915232
26084680
26017269
1064199897
1024014895
30131188
26031295
26259853
825538479
782155488
690257938
428263679
528908497
26225352
26192326
26289142
229152181
26020966
26164892
227510395
26052208
26003734
351859388
26089387
337658273
26000619
26159552
25705474
25873368
25894279
26233642
26115529
424412269
26135639
26992151
26186577
512206075
491661848
30284512
30150204
456773017
413177274
26257521
26334920
254120977
25671751
26055383
25856131
25994048
25654721
25853670
25933761
25970554
26063089
26057102
25813749
258731020
26079875
233730115
26019043
25923205
25716345
26314340
25738590
26110849
25747856
25990123
25874597
26314463
331565775
26106151
336771606
25952695
25911522
26158075
26107375
38225877
26185676
512470445
26657171
586996198
25974384
26066706
25843271
962505362
25899603
26246308
29913427
25688183
908161791
1280309400
26279653
1352559983
1309201225
26189773
26115409
26154873
29407934
26136875
1679374133
26042177
1686815406
1790548387
26073379
26009773
26055678
1772708085
26074070
26092376
26128378
26022481
1707548720
1733707043
1674931062
32062536
26169596
1612135113
25917632
27262748
37889657
34281080
25935323
26017921
25841096
1362695466
1465088611
25911664
30023407
30077158
1252044182
25911774
38122007
27073583
26154835
26165435
26178719
26035702
1349170882
1386267659
1511636964
26131261
26073453
1798548722
1815619313
1872381037
27542800
26230501
1893202283
30009792
1897942450
26198249
26040690
1845951152
26015006
26076414
26113078
26201910
29923100
1980896517
25966741
26011993
2446093261
1924472910
1690686320
25949202
26166388
26036831
26161689
1756047427
26202151
1615376000
30118158
25999579
26068641
30017331
26106135
26052289
1612269150
26043550
1544260393
1483328859
25996815
26036172
29746493
25913397
25833908
27151372
31831558
32643282
1346133705
25746904
42273697
26033645
25727823
25920957
1069423594
1459280807
925281653
25883920
25667689
26181864
25648626
32931615
26139520
243329895
26147873
30071594
26148578
241367788
25925980
26112103
25951709
26381729
26066338
25954723
26119377
27620736
245574520
26256795
26176169
329841335
26143660
26155330
325907915
26178273
26200363
26131899
381698852
26023261
26096472
585793708
30123728
26197742
26053413
26082901
768460945
26486611
929273104
895535108
26049864
30045916
26104318
29986687
25831898
25952307
33789081
30073284
25901412
26011824
30189803
991441261
25843356
969746504
26057397
25986870
25921469
25901161
881159528
26003258
26155880
26007839
26142344
903652640
842912488
30095101
26094727
828329253
26284770
26067591
25974707
860847766
716292230
26127560
653345075
26179964
521594671
26161169
26110114
393184868
26434318
26243046
26031705
882554567
877705519
29862808
26056787
869032707
28559131
1101413786
30188698
26078710
26234991
26252316
26079754
26139259
520614365
26348540
1019554410
1031098933
26174682
26068454
26457464
26016733
26703394
1406717801
1488144602
26027489
33361029
25947142
25751372
37874830
25887155
25709201
25977949
25846061
1807702897
25878495
25824946
1513385146
28179698
1951272938
1510958264
30051797
26046041
31684355
1517260368
25976969
30355000
26093369
1344358986
38119452
26274264
26414656
35554745
42170872
26219348
26096848
1535642578
1478724556
1577963023
26150091
26049975
26129310
1753148623
25944120
1736489875
25970318
1785061654
29841309
26042204
33882795
2313874416
26777155
34048122
25977642
25939692
1606830640
25886763
2230056769
26446011
1611372911
34114343
26174964
1476013257
26068040
26121938
25773399
26058410
26067821
1357690388
26103771
26048604
1270490243
25962520
26110623
26207093
30090284
1370058897
950866772
883840030
26165700
26172437
450120265
25981115
26176654
26195084
253510203
26027666
26224808
26099903
26107409
26154350
25764796
418209873
26354459
38439855
26034501
26172490
30153631
25935244
25956260
25904299
25941217
911517154
25906692
783050943
702868671
26121093
26218247
26253144
26177927
26164130
26157902
623469366
26165465
755941675
26141042
26872505
893634910
922007989
26056861
26154319
26090648
30378467
26012520
26080141
26123865
25997743
1297025936
26067969
26006531
1369769866
26084906
39266237
1490315321
25977348
1582013970
1625597781
26067162
37947766
26062680
26004090
25996442
2280363227
1704442388
1733905468
26086357
26072662
26093198
26049094
1626674761
1609052642
1570573467
26084801
27143174
33230807
33706960
25730760
1377092411
25779026
1516907038
25916033
1294451967
25826862
25808237
25969764
33945964
25994255
25941723
26009992
26058547
25863333
25903102
1354286199
25969376
762253721
710181248
26105789
25771200
29166779
27906391
406212698
25982006
26053522
29793374
36049822
26037618
25694356
25774076
25852306
26030246
33935301
25978469
26142961
25842981
26168962
25880622
25900910
949667450
953696766
28294142
26230553
25848552
1064595135
25902599
26103850
26279663
25988828
26099372
1215851592
26888186
1181570245
30030409
26103014
33853767
25791607
25721492
1000977588
942852366
1156240430
25789425
25786611
25752733
25971752
25860481
26045649
25996674
25849051
25914066
26258882
30113058
448936429
26024767
26052881
26059659
25882725
556827367
517040027
25814248
26008879
26214212
25998243
26117431
26101028
30082068
26085763
442717166
26152615
512616040
25854116
504240885
25995475
26266560
26004781
34036251
29986681
26071534
34076373
26066520
26020263
662813125
26077696
669823423
30066092
26007562
25910082
25827820
25738401
28183686
25885778
25990651
678841036
623580380
25754808
25839727
25778155
25890959
25987451
26101925
26008313
25945048
25967959
26025061
26097807
29980794
528492664
30044643
26191202
26018964
26092857
25852164
26125402
25931207
29812981
25812833
25945594
957828796
25823012
30134971
25883207
1296236355
28490460
26274969
29913545
30058374
1319229125
30810222
26099459
26097095
26012153
1619870053
1674742003
26065481
1729323473
1780598526
39134056
2442742256
1958391317
29968680
1942994217
1962827819
26150177
1862412999
26032180
26221991
38077880
26079728
26063037
30146145
1715259624
25942180
2431741387
26154379
25910688
35130933
1642643439
34186433
26082608
1549187309
26209004
26064594
26184587
29851558
26063523
29855969
25792470
30178924
29771531
1541221988
30226581
26049873
1456123890
1416354861
25852248
25901683
25838500
1274372108
1686267469
25850841
26019643
25972278
26178026
25891975
674583307
30106663
681957892
26040206
26795441
26032456
26026925
904664019
888821974
26062970
25911625
869609919
27390624
25977876
26041541
25914395
1100956477
26042658
25842310
655056600
25962722
644223291
30076116
26259045
526028607
25813632
30325146
25978820
396436776
26300362
26320845
25760865
26304800
244370298
25850714
26022743
30093100
26210345
26025987
253913937
30094755
26061656
34181022
404013044
25826176
382836833
25837146
25679444
25897942
26169381
25956587
25970454
26122941
27905080
26173749
25887589
254892894
26179758
25805184
25704826
25944040
30199496
29565883
315414121
26042985
301422474
25948337
25994448
26018579
25901159
425811884
25940745
378995873
29106027
30060333
26221378
26260825
380034064
25937212
26240603
482729917
26129036
30143902
26160318
527913782
26018915
629578174
26246800
26103568
287960788
26111540
26065141
26060535
25885906
25940224
25950427
26120974
26229681
26128672
30229744
242933299
26263958
256213814
26053300
26223868
26176005
26170384
26207981
26315253
349794505
26002168
25957519
423038942
25920087
26142943
25807099
26166025
25875612
25844964
538446942
26206481
26041582
526062078
26100723
25903366
25900044
371948248
26071391
25904637
25765213
26067711
29965474
30356800
243870533
25921304
25994069
26106630
26029361
26042898
26083838
26017324
26122549
475432684
459002973
25953749
26148282
26109011
25919272
30015915
26002325
535831341
25990505
26074601
26092202
25808572
706491092
25858826
25944662
28920866
33894262
26044048
33727659
820788656
26178827
26038427
25781622
937555129
26176634
26130355
30083594
26275805
960161140
933838732
832108160
25871275
25842614
661496260
25797669
25965221
30055937
571740970
26284509
26220383
26167379
26150975
26073034
25946793
26077591
1040810185
36230199
1220270758
1083228007
25894175
1019971713
937256760
25944028
25878402
26195054
25835878
25874899
25978471
29468098
25937130
29909408
29880202
30117865
26174024
26179603
26130262
30268560
1203510087
1506800689
44506874
1857348298
1866353234
26015745
1911655546
1902899630
39268996
25944778
29935963
1911124985
25946794
25880787
2088604178
26047581
25927475
27038173
2188978911
25929704
1584291105
2155748282
25815327
25830875
1142397333
26101575
25902564
26103805
25870824
1577322386
25890804
26059037
1453727762
1036011701
29909912
988015632
26025516
25991621
26174452
26031960
26076863
25945328
878673413
27723711
25707860
27790870
25589706
29707281
28732595
905963656
26176882
978538861
38365057
26278680
26034277
26240991
1166296817
25895746
1190516219
26340046
29818352
30440542
25800517
1192272139
25934861
29028419
25855740
1143511851
25955325
25887624
25694193
25894830
1189123596
782257139
25893907
26208205
26162795
477803222
391577694
26045893
26045252
26221319
380695105
396812173
26105745
26118705
26271989
26123292
26050678
403943170
26268338
458318528
26041492
25998734
26077695
25899185
30890775
1367986120
26090508
26111612
1728894470
1794226563
1791046518
26124991
25995022
1813201332
1876714013
30959099
35671803
26018492
1853383617
29232893
1849021550
36727137
29078364
25807630
25971040
1532473953
26003598
26002511
26016999
1393982889
834522560
26164394
26073934
768545274
26064453
656388149
626102653
25823963
398643937
280345223
25902144
30165496
379329872
375837091
30203292
28117273
241155931
25966324
26075983
27619580
26087232
26159387
26192191
391667006
370863301
