4219973
3855844
3843100
3784011
3765339
3749755
3621917
3750642
3743989
3726307
3563775
3747241
3830459
3820843
3645793
396842263
3679949
3511715
3772219
427671714
3629269
3614956
3562262
3808428
3698510
3699118
7543287
3985266
3968653
7671360
7832641
7510979
8011410
7574977
3873779
483428267
450995469
3682485
379789981
278409053
3625014
3844059
4001875
3812650
3842058
3776161
219126591
3787800
3618448
3783550
3832255
3807625
3764466
3500936
8921702
3879170
7807302
3634204
3682405
621747925
3811826
3875866
3734236
840039759
11848190
903519917
3799254
3839473
3795232
899282987
3754736
3699586
803541579
3765047
7871286
4965038
567852402
3709113
3788822
3748911
3756307
5005815
3874468
3865452
3770364
3772153
3712923
1308956437
1287956179
1211941316
11697368
1440598299
3852564
8093172
1453928309
3727549
3811668
3722415
12197261
7782072
3686726
1684458479
7469259
3859762
3737490
11812765
3766439
3839921
1738887089
3696698
1702007652
1669432002
3746034
7740101
1574659995
1604484930
3793012
3697991
1652211266
3740873
4378882
3983564
6423006
3943907
3782732
1706338983
3781174
5859865
1686600913
1751465343
1721991697
4812026
1695841826
7749269
1666800899
3758456
1678425609
3579013
3914126
3633914
3689768
3590315
1422433177
3793039
3506294
7876661
3874206
879002619
3814915
7808294
802429306
9558568
3760302
3929050
11691991
3742632
921861637
917683202
3827121
934911088
3693767
3735758
7748166
11513668
850527969
3730623
3615879
693203870
3614894
3856284
664819880
3794973
3595995
3766025
3745335
854368316
11827019
851982610
799138099
3683049
654196835
3592732
3893475
3862738
796897587
875255536
7663709
906695525
3773135
6359326
921035529
3811673
3562778
719234548
8398826
3734541
3615724
3595725
3773267
534996499
3695126
3768372
3798955
3776169
629905507
4661812
7831478
3673666
649829762
576343904
3694280
3593363
3899934
3843088
3562781
3646465
3576342
3751812
7540279
3721854
444803712
3599133
3651951
547531854
3672220
3765825
3549286
3644438
3644396
3747114
3855318
479800155
603030036
536385084
484990085
3720928
488181385
3823772
3606451
3904272
3680802
264209935
3672049
3846322
7762126
7573163
362532664
3930304
3854636
3669894
7725466
11722054
550512369
19918244
3807495
3722260
3734241
14504692
3723708
11706715
1128662517
3623087
3782475
1226279414
1264095218
3691347
1292258773
3843010
3742430
1263892892
3717395
3566569
1426257672
7650355
11796685
880219458
833033501
3755603
3688532
798503599
3911456
800373616
737862848
7908307
3731516
3684961
687529703
7638054
675132461
3706807
695046472
10773488
646042868
3701250
429422476
3633068
3718450
3484454
3442471
3521972
3673287
3787596
3597810
3543085
3709695
563129537
1283920924
1200776448
1443843822
1518521009
1681725771
1752930252
1841375281
1872072876
19669168
3834242
8581420
3909945
1842352997
1782463490
3740927
1768612289
9490636
3682227
1662909698
1715249406
3728826
3844037
1545216182
3728862
3799268
1444141747
10037386
3970362
3773515
1280416672
6403340
3839171
7893064
3755841
1297518579
1263213363
1254164910
3771365
3902526
3858990
7845091
24570504
3691572
3836374
3720491
3773473
1299784572
1317368156
11750900
1334726006
3850226
3681219
3774443
13286632
7736684
3719903
3745345
3641755
3786223
1353537278
10365700
3802837
3752743
7708732
3707176
1575352800
3677723
1578912626
1525564239
3665089
1488357609
1623674629
3794900
1390874833
3916589
3759520
7757978
3737040
19884515
1243418928
3684344
1021012956
3958855
3853384
781796515
733183929
3915231
3863216
3642992
514631728
555387156
577788937
3594248
3901820
3764588
3871090
3721356
3816870
221020981
3768386
3731110
3878602
210164596
3790400
3973212
3667741
3715231
7740566
215653577
3594479
3716714
3860908
3736310
372618590
3837475
379152773
3761907
3799241
7833668
3827506
3775092
303696820
3674702
7681334
3731213
386146496
3744779
3761827
3782901
3703378
3676087
463970292
3719954
3895425
389174067
3906260
3727840
3989840
3969591
3735447
314267699
7818362
323221259
203572554
3812999
204364507
3825778
3765216
3836151
3859090
216052009
3866854
3778070
3683024
3835924
3847368
3731385
248050360
3781128
281618701
7794618
3808671
218629055
7929512
214087653
3684879
3786546
7780618
3799728
327673623
3793256
3691291
3613146
327518422
3776645
4527756
3523264
3797619
332022209
3701944
359130959
3908218
3534568
3668043
3651940
8234113
10294322
7429334
11620338
3762961
3803760
5292825
3760841
3843682
3861312
3661726
6611437
7782477
689926455
1187635366
3993323
3917922
7783369
3735230
3712879
1357561849
3736267
3807363
7774743
3786644
1616825628
3835091
3761295
1663842547
3585769
1682661322
3852079
1734293722
8228808
7821545
11849643
3716330
1475731014
3866155
1337640579
3884759
1221199393
11911049
3703146
3831365
3737059
3701517
3698837
3825272
932924884
1116161419
859941242
7806229
3800482
3939243
582132825
3691259
3781495
3788291
7808728
7961166
3742760
11880804
11846794
3849360
384545764
3749607
7850449
3828167
3731953
3694664
726643292
577606950
3703609
3738145
7000174
11753424
3855260
1092015051
1129257537
1196157427
3674199
1201471575
3804879
7770176
3774860
3632529
11812011
1229657997
1258258903
1310249679
3622251
1180157621
3764519
7858119
3760566
1014814664
3776533
3603404
3507938
3534504
961869884
7563585
3692726
3886026
3873329
3771970
3700776
842730397
845284938
754098930
699708456
7425795
596413196
582683437
3650345
504258645
3749111
5312127
3899969
223609347
3757507
4050397
3830186
3893219
3845049
5623512
255024207
3606946
3814806
7716783
3747331
260160633
3795021
3774602
3552750
3857939
223189241
3848836
3504230
3766073
3911806
7563024
4131746
315753589
3841952
310133798
8069079
213608402
3816001
3801246
3944021
3769786
3864740
217354820
3924197
4094134
3756516
3747492
315009777
353063426
3783363
261599863
3842700
3824806
3810388
4111437
361354320
3754039
3753178
362611720
3809643
3848240
3801725
7388107
3817023
222122754
3641342
3720807
7830303
3943330
3813559
419123411
3841970
3809089
3757965
760728032
3751662
3770868
3825728
3882527
3749639
1103157308
3866633
3645080
1179924988
3743491
3887481
11298014
3632180
1260461992
1253100772
7863234
3661977
7731673
1184122882
3737582
1117043802
3759604
3739350
1080119918
11848842
3871276
3609150
3885370
3790667
9317810
3785866
3744490
7839181
7871665
980118133
3645251
3721200
3734819
1125734597
1067985476
1086068787
4362451
7361545
846242326
809933715
3745124
7989464
3587221
3833078
3686223
357826787
3862719
286655951
7876638
3808633
228387545
3693272
3762566
217851203
3797418
3785882
3953687
398276374
3688563
3798389
422227822
3821148
3775023
3677523
3941491
3720305
3689162
3899502
3824270
207186798
3757534
3755696
428246827
3792563
544467453
524275490
3529934
3826303
3523936
3762814
3761035
3696036
3749387
5347410
4011575
3701804
11500431
3792113
3815733
3726101
612661626
7724129
3713399
3537504
750880155
3820880
5574977
7811962
3742879
821470183
3667766
3876508
3763087
3741583
3553910
700834365
768194821
3778248
3675242
3573978
3635673
3708328
5456669
3765379
3630614
3666209
3923491
3724554
3786473
388608251
6977706
389163959
3577371
3864254
3796356
3612823
3800095
3817326
3863687
3781759
634592967
3762603
696779059
8325110
3750914
7580240
3660151
3738196
3722551
730547020
5158262
3866474
3625018
3684129
3631150
733898444
3785767
4045163
4573792
3737177
3876022
3835532
3817503
3755719
3785017
3790978
3735039
1133973198
3791518
1191737570
3741932
1297174376
3713907
1257632834
3679598
3790083
1299788121
3618022
3727025
1206747884
11891468
7820096
3631711
3888430
11746604
11770093
930102831
835181958
3842179
3721410
3844844
676651345
7713038
3823903
6282863
3645275
3667616
3646851
3643096
3713432
3784747
7798816
3700580
7787222
3677335
3648795
725603892
741130816
6779548
5127701
3557467
11828002
3752886
7685276
994149662
3708817
1014235781
976146744
3851297
3704199
3802402
3916138
779155885
749317827
3566098
3673314
3678682
3629472
7803062
3572974
3563847
7761961
3530645
3522265
7616356
3726375
3704122
3803208
7021602
3583522
220313745
3795878
3685412
3638345
7790716
221642029
213000677
221420902
202255556
3846339
3776474
290608772
283405475
3845516
252264147
3675511
3710645
3712818
3697251
368594108
3591166
3777760
314861060
3556934
3637565
3705161
3849226
3792903
3683085
7759578
3656352
330142270
3671895
3855556
3714016
348714304
3387323
3795772
3798646
7808433
3779887
3724069
3749574
322586266
3734268
3767092
3914298
3765305
514788961
7759709
3812289
3862156
7794272
3830833
3865802
982863693
995074106
1003161602
3945674
3789995
3792682
3727643
989238080
11634576
3814814
3681343
1052869505
3864891
3759255
924968100
3717400
3887043
3888892
3737561
1084200861
3775642
3834028
1105907786
3813163
3781227
7752074
3852089
15652327
3743002
3944456
3805205
3914096
3859576
3791661
3730099
1345527302
1389894557
1340781459
3913354
1299408378
3826276
3639903
3707123
19656993
3766555
1248955487
1210575699
3592719
3584802
3652537
15699213
3572335
3806609
12108406
3898540
3689587
3960287
3685884
1218567268
3759493
3827943
1374967992
1371983701
1352128337
3733573
3806654
3763853
11967643
3529248
1370415020
1408113869
3856717
3561338
3813796
3784220
1293698168
7715611
5103669
1425676573
4306792
11642344
1359525258
7504979
8644095
3831407
3742165
1414864336
6412033
3849953
1603380905
3618971
1687767096
8366677
1752181230
3672379
11682472
1689635964
3758673
3724333
3678918
3609087
1752678052
1706478021
1734077853
3623335
1533439632
1443512857
3697110
3633490
15636158
1268647408
3859932
3713293
3721874
3952000
3548356
3697891
3713166
15550755
10585132
3575363
3683192
3859296
1215156342
3746142
1067506649
7825393
3973826
3689331
3788067
1159690241
3745408
1183016064
3731340
1168724485
3624034
7702394
3587735
4145489
3620493
3571834
3670713
1127702660
3773641
3682954
3667362
1031265544
3897212
7636064
989342580
3503615
904156704
3663476
817631439
3429180
3565210
3677521
3724310
3534070
3595068
7663890
331542543
3780960
3702923
3887455
3773740
758006174
769262186
3713907
3752590
3624169
3806529
3807261
13680342
3804288
918844333
8977178
3686604
980641878
3648420
3690923
1046736644
836391944
755819386
3713715
7780201
3726531
533032151
7691361
3846098
3680983
3867419
3661128
3617073
607377993
3626734
11898726
3591884
3736443
3688357
3373537
634084525
3645238
3642201
3726594
459727031
3662391
3773571
3687247
3756716
3658293
228759314
3854859
3726271
3836793
3910465
210914198
3973194
204389963
3847309
3995319
3740977
3817198
3868704
3843430
3662054
3845314
3641794
572599857
4233002
3737027
785053075
811359721
7370399
771463621
7847261
3724047
3766454
7893563
743181099
720368087
4170992
3707118
3746661
3710929
3610575
746496556
3641035
3930043
3705844
3680601
622614711
662574898
3621045
3612837
3709278
3525357
7755352
3636732
3601214
3796518
492342922
3775187
3687971
606185779
602442145
3778028
6237046
11876082
3748811
503497586
3865837
3680932
415827972
3836734
7624354
11758925
8368485
3831170
3770306
3672642
3774867
3824189
1351704433
3715576
1422362423
3822278
1287848320
3839854
1575401865
3739896
3726628
3715470
1613504927
1629442086
1574801553
3824917
7968507
3951605
3723807
3947198
3767503
1301079335
3757271
1007664887
7726816
762208591
3715410
3867225
374916421
384112984
205541221
4022157
3773590
3882559
216508743
3757117
3761243
3797318
229178047
3827180
7802755
3734267
7736235
3823753
3751264
3929888
8508946
843300489
795633188
1255636337
7775910
5002521
3819325
1446621699
3727650
3805884
1526489515
1595228335
3761718
3821313
1694653135
3724591
1676319750
3813838
3760427
5130587
1714660457
1768991870
1508036293
1274884165
1163479988
1079630625
