26525521
26161676
26147592
26049101
26027586
25972962
25821421
25972810
25985718
25969113
25733560
25992952
26026587
26080420
25842187
434494542
25933668
25672572
25936142
497557100
25825033
25794607
25724522
26063333
25924479
32026153
29749971
26257343
26282772
37605735
37755685
37491658
37918681
37394818
26161861
527458940
484925032
25892772
490432223
304712342
25807314
26120671
26258874
26098887
26095864
26054051
245425427
26044910
25800945
26063375
26088480
26019268
25978383
25685420
31163504
26115574
30082110
25808743
25923987
680609417
26086550
26163180
26006053
878146528
34094145
945638793
26014458
26095108
25981780
944046005
26019136
25948535
835274402
26006124
30141058
27133634
620414093
25964841
26072904
26053550
26002355
27273233
26130055
26113057
26023956
26014106
25938540
1371588864
1366928598
1592512677
33906376
1487115641
26078578
30286934
1912219833
25968240
26037679
25974775
34495576
30033175
25956469
1770064080
29717081
26131129
25948656
34078951
26009912
26116095
1803763565
25933793
1769230885
1721649667
25997258
29973710
1640870166
1696897411
26046214
25917929
1762059648
25964827
26629870
26231328
28670750
26244720
26016621
1841493593
26009734
28041199
1744867494
2082744853
1797697864
27074145
1739772126
29957321
1734479746
25962858
1753769642
25779280
26166811
25788185
25867477
25783305
1497297624
25971917
29828212
30121364
26118213
919804921
26098123
30010586
844547043
31754270
26022079
26175602
33933190
25935668
984490549
992297031
26044628
987912125
25909150
25942898
29999266
33669193
895932584
25949357
25802564
743348750
25866643
26122768
706639064
26073386
25831177
25998451
26002627
908694088
34019831
890293506
831319800
25902456
680559484
25799039
26164265
26135173
840442422
915544412
29855355
961771037
25962633
28533848
1091560029
26075156
25728516
750138193
30626482
25980564
25805861
25780392
25971439
783070807
25897432
26059107
26052692
26014066
712447357
26896216
30121235
25853655
717228864
606165347
25886698
25777549
26120275
26096089
25767198
25835293
25737587
26036340
29697722
25928549
487806866
25770368
25855852
590306130
25845144
26020349
25752198
25860383
25837457
25968296
26089185
513465643
780794016
577614147
632057043
25934394
580831499
26095399
25773198
26151087
25911362
292326945
25860463
26097909
30020005
29742822
405829278
26102884
26085999
25831992
29950301
33924080
606629012
42205953
26038382
25916888
26017388
36785327
26027061
33980073
1186907562
25822704
26059674
1281964787
1530188403
25906006
1664538896
26047448
25980211
1299063742
25894402
25744430
1724222905
29844266
34035332
944676173
873649171
26014527
26642313
849075734
26155599
837772182
770644105
30153922
25966321
25876185
967747333
29826436
722843601
25953802
738503335
33014406
678316040
25918009
469749974
25816633
25954882
25694584
25591620
25676010
25961540
25954914
25797266
25744218
25880920
603553431
1351238769
1610482171
1501199926
1586542986
1758011333
1841944799
1911269897
1943761808
41874639
26096213
30827769
26204161
1910772740
1838684591
25948921
1847221283
31725702
25891408
1711952697
1763750369
25980089
26090867
1588067200
25981524
26046625
1496518129
34898011
26234502
26010839
1323506477
28680493
26113428
30145623
26010431
1366567078
1313389738
1322021718
26025338
26211099
26114416
30013707
46729657
25948139
26081532
25938594
26008093
1353971839
1643541659
34015464
1403864506
26097269
25912852
26023252
35492200
29962740
25957466
25985312
25890790
25980569
1445417369
32611806
26062939
26009185
30030422
25928430
1650032034
25918940
1658302543
1580994805
25852288
1543540789
1868617805
26022813
1458533657
26162611
26023642
30008695
25936913
42151633
1292624513
25911836
1057910667
26216908
26139628
814532069
759442645
26111688
26135509
25840425
588213711
588065948
613202412
25740786
26128810
26029714
26132787
25983821
26096419
261853624
25995515
25984418
26139035
236343742
25973212
26192414
25919514
25956974
30021568
241915884
25793468
25979973
26154973
25988409
402514680
26097990
405334056
26032091
26057009
30073436
26084780
26065010
334099260
25861750
29901687
26013939
427943872
25996405
26018090
26072716
25957448
25936048
500683810
25940750
26140327
415297488
26199775
25926634
26231310
26232096
25927834
349456390
30088274
349486543
229905285
26075247
230711916
26091975
26064025
26102005
26128893
242288436
26120668
26033552
25870578
26091722
26102848
25925671
405712614
26057412
315257384
30058677
26121342
244941472
30197592
240482713
25897995
26003463
30054171
26078086
359839621
26008601
25975519
25776681
361487765
25955092
26799067
25713456
26060719
439916474
25945556
385252660
26170021
25727493
25912774
25836779
30503794
32560334
29698193
33806947
26029667
26079818
27671269
25967557
26097656
26100556
25852513
28823603
30033930
1294530295
1246473030
26240692
26194935
30041249
25931144
25969918
1440658477
25972427
26074467
30042378
26043869
1680667249
26096085
26034844
1734698902
25780835
1724532329
26078970
2019202192
30470846
30070938
34111737
25921105
1536621332
26127095
1383004353
26160223
1270401110
34141933
25949878
26106623
25978915
25902330
25897606
26046614
970587850
1429008762
891834892
30072895
26100249
26207642
608316655
25883530
26004950
25951473
30074292
30188952
25982634
34140514
34102751
26020507
426639994
26023074
30096827
26072927
25975565
25956006
787278197
987334138
25954821
26042833
29280788
34054571
26101316
1177488123
1208560231
1344655692
25867928
1260627276
26066001
30026167
26024424
25842657
34093889
1282182470
1317150209
1554423634
25814119
1213645201
25997245
30110369
25935058
1059153227
25999954
25791392
25707650
25701901
1068395254
29798284
25940635
26142066
26079315
26038755
25901423
897714307
892018714
786299656
735749757
29729999
633626214
620526136
25874898
530622842
25988941
27583880
26200183
253651940
26036965
26319433
26054185
26103038
26097747
27794257
288165977
25793797
26078776
29989217
26023295
286311944
26044989
26041003
25757620
26096676
249575373
26129955
25676454
26027795
26191705
29737654
26316283
350205384
26108105
340151426
30323268
239832853
26062102
26054035
26197289
26078545
26131370
243782648
26182083
26352296
26022350
26022193
345053307
388025405
26071122
287874225
26100399
26049722
26070822
26369166
394471233
25987486
25999436
388837303
26086554
26099077
26102158
29653987
26069342
283609305
25831000
25936393
30029017
26220348
26078821
474150557
26125722
26059971
26050330
802940927
26023715
26023837
26088234
26140849
25988189
1187787496
26108046
25852490
1246430674
26004090
26136966
33523719
25878428
1309380514
1306203538
30120431
25925448
29985194
1233848577
25995266
1172835473
26036574
26018067
1125046492
34114980
26107340
25796385
26165825
26031255
31517888
26020899
25905846
30131119
30102887
1037875856
25849939
25931068
25930499
1521210537
1111278851
1318177909
26633583
29550559
883297325
855333354
26857325
30256381
25756690
26080177
25941458
390232768
26136763
319499852
30178345
26071099
254606531
25885082
26030392
244152420
26051070
26043533
26225909
433171858
25884860
26001790
519511302
26074766
26019951
25953559
26213498
25894889
25855578
26085848
26088000
240901590
25982960
25967617
570849132
26044945
574425049
550339375
25740897
26064313
25686674
26015533
26005345
25889128
25998230
27600402
26190709
25981868
33662382
26036093
26097468
25978940
661164531
30002098
25913108
29353729
799290182
26080428
27921786
30131722
25979116
860320426
25868366
26153803
26006803
25997807
25742464
734367222
812677810
26001708
25856326
25747721
25789943
25899468
27632658
26014254
25807665
25947933
26175537
25913854
26044623
421065903
29212023
415325609
25735640
26114690
26052072
25781567
26085057
26081486
26140533
26056231
671729228
25997431
729488595
30506219
25988652
29760872
25837978
25977941
25908994
864409482
27395591
26113613
25803311
25915011
25811949
975765893
26009379
26738647
26841437
25984897
26122286
26130576
26025071
26035240
26057260
26026649
25929150
1200852807
25998917
1244514652
26001228
1347097556
25888584
1316492563
25912207
26069549
1714409417
25812553
25914387
1251220684
34160063
30094310
25814543
26130992
34002245
33980223
970415131
867599371
26145188
25997836
26637006
718488336
29940810
26042307
28478326
25827463
25864941
25840289
25903214
25906044
26011845
30079713
25910122
30008691
25926486
25805728
781926344
782890955
28962115
27333552
25755491
34112962
26010366
29990554
1053896436
25970112
1053552562
1014751732
26128831
25964376
26050795
26112342
815263251
776687525
25736609
25885875
25900190
25805035
30075243
25799269
25720614
30017162
25716956
25693692
29837768
26012930
25924256
26037590
29208764
25773552
250897356
26058020
25896374
25888788
30038777
262350031
251797097
247672000
228545681
26105431
26002538
322792478
309629606
26035680
295836853
25897832
25924488
25943194
25938587
401228471
25760417
26033737
341024552
25757543
25858089
26047438
26099909
26038098
25937056
29963052
25928657
361561108
25885974
26073625
25980226
374868512
25530131
26073712
26046237
30044065
26035627
25985018
26005004
353715667
25994343
26040048
26195136
26018877
569353677
29971522
26106499
26131885
30084358
26106961
26141446
1030944777
1039659380
1041616960
26223635
26024447
26098523
25950752
1034471291
33818516
26016562
25876648
1376076027
26105235
26027006
971584654
25961433
26158507
26187006
25960613
1148441790
26018865
26003536
1208863901
26028372
26033457
29979699
26110704
37863040
25997788
26204130
26024674
26131151
26086675
26859493
25935403
1409143067
1449423535
1400835166
26159430
1341686934
26016893
25801924
25922387
41830312
25990814
1323454534
1259864221
25805577
25781231
25827795
37955529
25736972
26042423
34319098
26179098
25980706
26262863
25872293
1299773724
26016109
26100639
1424692920
1462331179
1412917098
26007425
26027440
26037809
34137679
25768228
1427133848
1453624052
26077034
25814846
26003070
25993550
1348050862
39143472
34973355
1940597369
26512718
33903277
1416353610
38331569
30888755
26065053
26003373
1509442697
28684619
26119635
1655096396
25856805
2070381365
30610789
1806256469
25910419
33927914
1754013390
26008486
25968973
25928449
25820037
1875934550
1755625138
1879532843
25806798
1581391335
1492413428
25893171
25825141
37873108
1321224692
26113511
25905517
25972084
26247697
25767529
25890105
25946401
37717089
32784543
25782887
25908373
26071620
1613254893
26013931
1130295019
30048589
26218311
25879110
25996361
1217788906
25969989
1229227156
25967281
1228085990
25805721
29970448
25788771
26336605
26528579
25740864
25872448
1180966959
26042764
25871200
25942314
1076253208
26097187
29886943
1026380798
25681246
932286853
25827057
848037335
25608823
25741270
25849433
25971710
25688498
25802085
29909116
369487439
26012193
25897800
26126355
26047739
795940724
822376670
25924221
26008457
25889801
26044047
26035150
35859513
26082977
981939382
31191366
25938079
1022030835
25876634
25884627
1311181627
875076950
786224253
25933066
30045509
25965334
572821390
29878143
26130633
25847343
26099443
25841300
25777604
644396185
25823376
34116412
25736445
25902635
25884604
25517214
666315558
25836214
25836907
25922020
485913502
25866791
25946507
25885299
26026535
25835648
258500537
26129723
25989944
26140272
26168335
237214428
26241145
230655435
26110136
26287103
25942386
26043192
26073804
26068970
25910975
26105618
25849688
624228916
26510892
26009621
841311884
853356806
29566704
1076484357
30068382
25929978
26033839
30179289
797857154
767330286
26449292
25888332
25971594
25931805
25807237
784380863
25850154
26200422
25937578
25899192
652565123
698148590
25791811
25805422
25943646
25696901
29954593
25799859
25796246
26090732
536010552
26068975
25904597
646457795
635634955
26097037
28500719
34128469
25939385
550490960
26119363
25878512
476362013
26034616
29877738
34029850
30635283
26095922
26029662
25879483
26029581
26085336
1400573702
25933715
1483618572
26032461
1670366854
26096150
1635117462
25973594
25931629
25926063
1673794868
1899665879
1634193013
26087664
30274798
26191270
25961872
26163145
25989248
1344949873
25996282
1037082228
29956805
788463531
25963513
26137217
406751518
410448956
231941907
26298861
26049491
26156984
242842608
26004995
26006739
26054617
255307591
26086354
30054919
25919310
29985394
26064830
26009410
26172508
30766243
910447067
929161433
1319295435
30014122
27262989
26086068
1512860794
25953194
26051902
1595025520
1943617813
26019705
26090794
1760923755
25957372
1729458033
26082532
25980244
38075041
1786258632
2179793921
1538174391
1314381789
1194739076
1105804530
