3828217
7789008
3821631
222325687
3856937
3874901
3778442
4812327
7915634
4033080
3679779
7898290
3828392
3786288
3755256
549401550
3642098
3777563
11686340
3742479
655177109
3760714
3597028
4069047
3734518
7518961
3862456
799865936
3866494
6896348
8969078
3793171
1492563117
10526612
13389565
3709722
1676283803
3967574
3767377
1655398197
1703969894
1720552914
3941298
1679770725
3882214
3728446
3888567
3873528
3631922
3876406
3605165
1547478121
3743067
1751336084
3859571
3810798
1401242781
3861555
3755826
3742555
3824661
3879796
1044446180
11777136
3927524
3599127
11811043
7770490
7532072
1074125929
1151380111
3677045
1074086384
3756662
3756077
991516880
3940505
3783405
3684679
786636414
3803572
3762619
3799233
3859946
745767414
7769925
737114007
768380798
586432313
3579921
3852766
3634511
4073189
3818745
12315877
3931340
7855873
3735538
3740120
3772654
7943831
3878368
3649652
938494811
3760635
989069888
3665075
15832052
3599641
3961637
4788405
1019868715
5090709
1023779767
3875415
3729518
977894415
4024829
3800824
3742211
841433001
3763528
874277158
864453277
714521069
3722005
3963833
3599192
7858995
3778461
3752239
5189711
3595762
8103329
588246735
3627188
16473790
5313687
6781344
3784109
8152046
11850822
6759961
1280361623
1309271883
3882304
3817577
3770640
1436986312
12488617
3847455
3915948
1457054617
7867223
1464877761
7760422
7796626
3808742
1384933846
3783621
1329585651
4088868
3841002
1209231481
7959508
3770695
3807584
3827862
864133465
840820675
8008884
3911740
4087758
663153558
684945764
3981060
4040194
3843961
601173163
3803566
335567812
3905781
3888501
497316120
536088963
3873225
459909566
7937628
3956639
7498977
414370986
3925197
531317452
3936754
458578930
3852812
3824362
3822409
304802897
3712845
3903991
360187607
7643849
3822032
3892543
295363464
3851988
3879460
4016638
4017727
3773751
3952660
3816206
3708715
3819784
3675929
555210387
8808404
3813820
3632505
642575668
3797257
3871153
594265847
3798957
3668451
3871242
345429950
7632646
341855820
3606249
3741180
626601261
736098865
3681669
3732691
3731328
791839657
791113817
3862116
3774442
3739543
3796253
7807265
3654104
471511380
3791115
3944399
3761168
3803988
317697886
3754125
3800378
7845597
4355209
3677116
640976786
581774873
3727213
632482218
3882325
3774258
3833204
3859763
3931275
6981721
528407719
3860657
604713441
7755906
532550746
3664733
8103472
3837840
301905596
4790821
453798813
540947615
538448402
3635695
3847189
3730117
3683267
459839137
3922978
283537734
4038364
221697351
3807116
6947691
232741226
3758995
221452657
3880894
3861861
3831950
3830552
3864679
3862541
3802468
3893509
3839754
4076547
3798140
7917496
219552343
3738484
3860853
209042897
3929642
3813239
3920578
236008947
211991937
3912446
3900454
297463204
3620571
301919131
3899015
496737828
3687907
551313641
539658509
3790696
3732573
3779046
3737841
3778872
662104306
3765314
3750617
754171699
3705539
3838608
12060400
1053243467
1085043123
3982510
19951842
3866860
11967732
3793159
7888101
3837741
1313012420
3973995
15771598
1360940965
7767071
3970796
10067329
1510352449
1531817688
1522091890
3825477
7941802
7672010
7921491
11708240
7602210
7690517
5384588
7634442
1789677392
1758418091
7603812
7689982
7625950
7750280
7798710
9485836
7596182
2264928198
20009732
8588418
7775899
3953285
2783596411
2981367554
3986203
3923365
3099177802
3965882
3874955
3889759
2971524883
2722476288
2655921133
7795441
2651109522
1995694567
1921513061
2811853220
1675194737
3744467
3546211
3651382
7828867
3727881
8002455
7932477
3860699
1469859908
1579153992
15745139
1587204841
3820976
1665357312
6128340
7819028
1839998809
3772326
1937881961
1958703808
3755656
3763725
1997701729
1969444381
19717269
1921928445
7793714
3850379
3789993
7809977
3852687
1849065387
3830361
3721214
1740266329
3846086
3663070
1537699415
3870065
3568398
1343790764
1045209003
3701985
3687964
3825137
3805790
3709872
3957971
3883483
410183124
460357270
7920765
325139061
3781736
332686773
429452944
3810007
3760736
481562311
3685440
13551921
3743188
3685498
3711634
3902533
746580404
3792923
783588087
7704009
3826809
3760513
819464303
788186109
3860041
3950087
3791219
605076896
3878530
535181860
3816364
442308720
3908528
3882673
3718920
3746077
3892682
340296612
3862054
7807926
3830235
3823672
5850410
461079433
3749128
7883737
3719272
391681314
3909006
3949654
3799348
3902810
3794101
3799562
3894955
3772106
376417212
3795213
7768376
3884896
3890787
672250937
3713535
3672838
695224163
3850602
7778223
636436087
7891763
3902642
3859083
3677935
422976387
7777657
3866765
3931408
3837674
3900196
562601108
3950726
3857061
7794766
1308237396
3953906
3747055
1486325471
1451883062
3817986
3794705
1713450095
3929391
3912201
1737079636
4323327
7775108
3715510
1764999933
7675934
1805029609
3769282
1756917777
3941790
1646989598
19833035
3947383
8376343
4519714
18715219
3837530
3913440
11933536
3826885
1395691370
3708673
7740297
1374012670
5261391
7778484
1346148878
3782951
3991521
3834395
3846557
1455213635
3817978
1601636494
1568857167
3788924
1615683396
3719319
3670772
1674277597
1672028252
4668228
3831944
24114042
3803503
1574816530
1575356567
7564731
7724095
7677327
1823195960
9506122
19809298
3952867
2037977409
7988959
2071347601
2148437737
2180929286
2274571700
2034649294
2251223599
2029413886
3837102
3917485
1869694918
3912658
3877741
3949990
9473460
3969992
7676428
1702261781
3816306
3776054
3894091
3959912
3852808
1714848977
3775277
3632161
14178623
1617796175
1827404475
3725176
1855150505
1577646224
3842447
15776275
3931542
3735571
1458177418
7858439
11893348
3990393
3797468
1280689200
3767670
11896228
922912324
921229208
4257793
3710890
779574892
3877259
580817247
3883944
7807222
3912521
4097641
3749905
353358879
3849735
523924985
506566104
3795667
3948760
3928499
3818932
239043870
3671755
4012886
7864062
358421432
3843800
3803698
353359902
3827241
4039493
3938169
7790262
7922515
4390062
222108937
4000356
3637132
3876179
3860585
213269142
3781215
7810877
426621518
3841960
3749610
592929939
3700967
618873192
3856155
591451730
3855479
4991407
8822796
3823875
3721476
529340432
3962771
11698235
3763115
508963521
3785657
3789611
3831789
8353367
3829587
3821661
8945881
7796584
3786038
3977328
3887336
3801783
3811445
1125828681
7579308
941340355
7650473
1395337498
3774293
7818233
3785636
3841346
3700080
1700176297
1678121762
3756180
1688865320
7649813
1639848546
1556794810
7473489
1509234614
8244340
7565400
7582415
7660778
7469321
7699200
7687679
3824942
3761858
3894304
3930818
1175871373
3806911
1155982801
1372342760
1071701834
3760783
3967783
3699852
3746763
479992944
7849234
3907127
3519517
3812109
3801022
3765055
7928150
3801198
722222163
3768185
3635847
828920128
3795738
3827787
3795050
949674512
11807590
3778487
6697603
3693911
999199516
1078125091
3681524
3896656
7959497
7650321
780200719
738292416
4196738
7581034
4011064
5913812
7580314
3907563
3878936
14650071
8111704
11864595
635890210
5064822
7470997
11630320
649589614
3712915
11554663
10232991
3776650
19764871
3884137
3609298
11595783
829966139
828767371
3877203
4750965
3687445
7959596
4060585
3854929
7603395
3788719
9484189
1362313592
3853961
1388175494
1382433662
3837213
3756759
3723068
3790971
12704332
1348405504
7760876
1373693387
3785321
3788176
7499717
3808135
1377829637
1430766542
6070993
3762239
3750574
8967330
7736139
3754042
3795014
3686294
4053054
3682723
1024615394
969753527
3814771
7554112
10330327
11156692
7673496
7612686
1029511211
1033004287
3660933
1009125484
3727424
3845680
3822854
3777745
7752621
3656372
3668746
944764930
952198990
3809415
11680775
3822227
3597911
6871763
5617482
3823114
3695995
7555589
1021444740
984496085
3715882
3765681
3915604
3709478
6329168
7819397
881963695
7689041
3918199
3686449
804770522
3907874
3864980
3845163
3783356
3846511
3766604
3748327
3859118
3638602
823618496
6724914
3959619
3783151
5980315
3780927
930732869
3801813
3655201
3795921
3917821
13055915
8826907
1150113479
3791476
3884875
8799699
3846794
3696535
3711893
1253298421
1342488227
1863005450
1882961791
1927573666
3754573
2017481419
2101825002
2089453172
2070377005
3763073
2136366012
3804869
3901919
3893084
2127254962
2291995943
2070083104
2134120168
15944018
3814367
2043822893
11876445
3688655
7367934
1973205364
7889629
3856394
1906860610
3826437
1820312611
3695677
3913761
3777956
4171528
3617961
1573609718
7840853
3612369
3717442
7587891
3655380
1688317987
3701202
1207417028
3557206
3641220
1029881364
3673915
3873820
3596230
3790921
3773485
726440636
3802127
3809301
900690893
11673616
970863751
3740952
3774207
1080432949
1112498118
3876085
3533251
3791175
3906716
7653276
1058277692
11874194
3583432
3747732
8245573
7622745
3673560
1072678389
1148034675
4470063
4189053
1040069944
3813473
3784141
3590145
3940011
3585682
3545957
3744271
1056682389
3762090
1036194143
7693175
3942044
3743704
964228838
3595724
3605518
3788219
3658275
15884216
3860681
905739540
3907636
13919942
3737089
882409480
3727478
7885863
4675414
3793809
861790135
3513579
3583960
819903719
861050763
3764729
3537445
3719749
3724678
3653373
3849206
3779576
3768794
7839255
3780226
890169036
4073114
913620296
934374042
3912439
7768391
3682838
877676993
3664900
3848656
990578668
7950633
3812014
651565897
3654146
3751736
3852626
3778539
547518300
3778061
3719638
577106735
3777297
636700527
3786266
3718056
3876160
7898443
3625963
3590621
777712041
763845499
5224175
3857307
13291745
7962193
3825676
1423853210
3868980
3717016
1593299637
1557876099
11907849
3640875
1603950044
1607391411
3852330
11868075
3869774
23678067
1525181849
3703513
1509773579
3734552
1448802181
3878271
7703243
11904978
11685648
11674136
3682879
1226294518
3636129
3803498
3915006
3869492
7742242
11782923
3775022
9076488
1035988966
3811541
3617428
3969946
3679376
1068939257
1057246120
3814561
3804049
3551148
1053149491
1023892458
3666040
3697605
4063049
3625510
7750703
7674550
3706179
3807631
3696403
3978319
733287748
6484472
658733500
3715876
3744533
610766300
3768246
3835480
703783559
3860423
3899182
741249995
7733044
7895143
3490798
738160854
8868484
7579207
3983955
7096474
7670621
3667764
860658872
3999366
1043918075
3854702
3802147
3894930
5125120
3868869
1190987246
7194523
8708737
1218530188
19142339
1188935208
1129454955
3833583
3680943
3902093
7626052
3654559
637887027
3984663
3798809
3746558
3877949
4052047
3833771
12589631
3787146
3729331
749623853
751571120
4010224
3710195
832549736
3691736
7764985
3714563
902241355
3850337
3659131
3580149
3779745
3895286
957716254
3632393
3791096
3689676
1048553292
3880442
1188089923
3874333
3679671
3800704
1316914143
1180939517
4000577
5389782
3714103
1186260204
1094485506
3786525
4006173
6142911
3892048
3961618
3776742
420660789
395394462
3766211
3588236
3683415
3897604
3872217
3684256
3737250
3810542
3829211
3857150
225974901
301267105
3897436
396518984
3766469
410055935
3828863
4045315
490697285
3719051
437623260
3850076
4067310
3761930
3858188
7565739
3620370
3672386
3778037
13514179
3903063
4889265
3830429
861875931
7870657
1027782915
954459650
1048748827
3746605
3890445
4605706
1101315432
3841218
15927053
15794076
3844117
4067816
1485200013
1551549161
7549472
1649194698
3928089
1716228412
1710273590
3780713
1831763882
3736377
1881381742
3757227
1882983708
3698076
2005686591
1875741152
4036383
11665866
3931597
4030535
3861926
27934578
3917396
1601311478
1575307873
8452253
3701380
1510312965
3928322
3901109
1502455350
1575787643
1517636061
3769879
3778301
1724974843
1690280181
3853038
1716767819
3767281
1729438920
3828889
3992976
1840941843
3785591
1552467534
1494975379
3801531
1240406986
3760840
3728906
3687704
834788089
3711656
3795622
322307815
213628932
