4098036
8065583
4099599
226694484
4143826
4112067
3997268
5094810
8203585
4328437
3883923
8177063
5461360
3985510
3959345
570510934
3823646
4009727
11866259
3954836
667200660
3949280
3790831
4310055
3910603
14814782
4069775
836691051
4143795
9181084
9248449
4109770
1573575229
10763920
13694380
3990971
1715791614
4348049
3981828
1711664467
1759922405
1767785518
4238447
1702764858
4089892
3940522
4133875
4110143
3851986
4068216
3778888
1595487980
4017975
1981245234
4115723
4049013
1429863932
4133180
4027727
4017306
4114697
4155626
1085628716
12079621
4235322
3790477
12037521
7980689
7753824
1116371851
1375786078
3950675
1092853019
3954430
3954938
999708103
4196380
3973926
3896506
805304911
4041612
4068307
4066126
4165607
770032761
7962048
968717023
783443054
594270303
3770556
4137299
8366990
4354248
4101235
12598825
5258288
8111854
4011678
4025328
4085011
8287400
4175766
3859811
973020248
3974710
1018262793
3887961
16045107
3773061
4174356
6075981
1098250360
5320045
1060890489
4170562
3960247
1003689438
4293372
4065878
3952072
866593130
3978588
1027004067
878222142
722548592
3947698
4278616
3793830
8146712
4063687
4053870
5460962
3781145
8380180
608499558
3831577
16740534
5591619
6957410
4074235
8422174
12146856
7056085
1337006714
1370384421
4158151
4102682
4050700
1473069075
12723843
4133663
4142898
1500792923
8109226
1493621801
8038065
8081510
4021973
1419812549
3998467
1353441582
4331095
4093131
1234401678
8242517
4046740
4095863
4098609
890695991
858823051
8302161
4195261
4406626
675711996
696846692
4278564
4363772
4155314
608783393
4084108
339973834
4165592
4188435
508443614
546931798
4137820
467697115
8224431
4255490
7802469
425948312
4218479
662889433
4220967
462770714
4142723
4090030
4125203
315134091
3962045
4200764
370275940
7927745
4122499
4180591
303218223
4126398
4172776
4299001
4279763
4064273
4256306
4095163
3993156
4102383
3896585
580055979
8987967
4084742
3809279
655381979
4076138
4095745
598178214
4020233
3854352
4175763
358876866
7874942
349690512
3811922
4017266
641052696
756976343
3891734
3936295
3951639
941622803
802923012
4085035
4058562
3977426
4059287
8079929
3853022
479668150
4048455
4188372
3962536
4080477
321866986
4006245
4060380
8141536
4643410
3886433
654052927
758682192
3923654
636313103
4189857
4002306
4112964
4147245
4219501
7265751
540609230
4146578
751281077
8001314
540604602
3844811
8397962
4133435
312746464
5080059
475356700
566802506
546608369
3842986
4131953
3937211
3891534
592810944
4203442
291477555
4340638
225961367
4119077
7236138
243350535
4053495
225584335
4169470
4165290
4102231
4121527
4176815
4158488
4119914
4179046
4126859
4419823
4118629
8207386
223877839
3964826
4170368
213190479
4251709
4114158
4205426
310093449
216170451
4276604
4190966
305709017
3886963
306105281
5585603
510944100
3911978
559503510
564125201
4081096
3959961
4053825
4021723
4048024
688787405
4028479
3954662
788291892
3947177
4094211
12428319
1092369880
1116581087
4239941
20268753
4157184
12294813
4072761
8173538
4074133
1355423471
4239216
16723285
1407653904
8068356
4258558
12623834
1549721366
1582506270
1556812430
4111015
9029178
10860491
9455719
15897653
15536992
15583632
11525861
15525536
1882407372
1890104704
15515506
15561818
15386606
15597806
13801740
16574524
11178594
2381303893
25059551
14921332
15622629
7197244
2883837148
3059254124
4271988
4175634
3204101419
4263833
4203583
4205044
3059828094
2787651472
2731867635
8037342
2690847565
2051901364
1975981418
3292302375
1712830173
3995671
10671187
3865744
8084016
3981846
18272491
8230399
4145918
1670850225
1609711684
18891040
1635897259
4090723
1723920382
6390775
8087804
1920305456
3983332
1973987119
2027157592
4048397
4041774
2160104460
2025890383
19973108
1953778041
8069319
4134549
4010250
8051576
4067306
1889996883
4056945
3948589
1773398354
4140583
3840363
1554996936
4172766
3735582
1361143054
1049460719
3949861
3864124
4047324
4047431
3927971
4270905
4201987
429527504
474534888
8221952
329375965
4058949
393017194
440143116
4102533
4040955
492279691
3939076
13844870
3979012
3933022
3953279
4214028
765777959
4003211
810485379
7926364
4120777
4024746
899639576
808053125
4134173
4282762
4066157
620185053
4188512
549149387
4901587
451463008
4238367
4159113
4023749
3969689
4123271
489858386
4186739
8115647
4135974
4104483
6061836
471153241
4035889
8170056
3924597
395904539
4216570
4244807
4082047
4215455
4106545
4085076
7927701
4081880
398503370
4040988
8077516
4176884
4208614
685104561
3933568
3887598
834335732
4151124
8085442
653294253
8201810
4191581
4162653
3868755
430912351
8044740
4147374
4229885
4113514
4190178
583394359
4230200
4144910
8091538
1354593721
4224277
4082561
1542115098
1517021499
4109386
4106147
1783132617
4215826
4191562
1783723559
4589097
8050381
3921605
1810891107
7879524
1838269815
4010816
1816394049
4207118
1669521881
20078114
4275043
8606897
4816835
21348712
4119230
4193333
12221994
4084349
1429480292
3929987
7946194
1425714376
5551939
8065897
1390397614
4072499
4276841
4117393
4132226
1531603076
4097085
1656128768
2104905653
3996353
1651946318
3925448
3877939
1783229753
1692362029
4923934
4143245
24445058
4120710
1751047007
1673858848
15441012
15129956
16275170
1923502001
9826050
20105576
4258641
2084916515
8293018
2132540540
2295604933
2220052317
2866710013
2080369181
2295160838
2073814488
4131131
4197257
1918034792
4241875
4156667
4236442
9736403
4287300
7910875
1763206425
4059008
4081319
4175820
4235149
4084975
1760738115
3995875
3913908
16689249
1658391547
2123135886
3968843
2217463884
1598235583
4096382
16055811
4224417
4037366
1507454509
8097198
12206639
4272133
4032185
1307492716
4068001
12185435
941662726
942106229
4525778
3933755
796713578
4154989
594393950
4150983
8064888
4137544
4309404
3961200
553213962
4140289
536032879
510703130
4082227
4240410
4150548
4106535
249638631
3940714
4322433
8231354
368580863
4081535
4080256
357678851
4052420
4332770
4249865
8080415
8200722
4587624
245799110
4276663
3813019
4137907
4126978
217558897
4051264
8082414
451293046
4118329
4024011
611481813
3920867
652158905
4114477
605458466
4127327
5230984
9095787
4019323
3952023
537609728
4241686
11857455
3976651
530538102
4017009
4012785
4104568
8585926
4127439
4095060
9198863
8071101
4050236
4319306
4175107
4022125
4035158
1293800008
14345861
1513078701
15254112
1481269222
4097948
8067715
4062791
4122414
3937950
1963656298
2125481687
3984544
1780074385
15600434
1704517850
1597003278
11344807
1601430320
39243688
11575829
13363167
15568608
11452176
14535773
15564658
4109454
4028379
4151462
4210282
1217841152
3993325
1185161928
1665008893
1091218619
3989673
4237173
3887106
3935792
492741789
8106217
4142960
8427053
4069548
4060427
4055199
8233942
4013077
817578316
4061758
3909152
870785264
4050174
4112347
4121712
1014431715
12085002
4079846
6946326
3895384
1025630937
1254154410
3905021
4113381
8209442
7906436
799365625
751247484
4641354
7967746
4288204
6096091
9475257
4164906
4188335
14816405
8355979
12094697
658707469
5265309
7644911
11807920
690597002
4036289
11718493
10399655
4091386
19951430
4147275
3782039
11823364
866701399
860470895
4168238
4925097
3888729
8295739
4358935
4151439
7914845
4069310
9697467
1413496008
4117467
1414238316
1436294456
4117745
4038556
3985641
4011540
23533411
1373780086
7997374
1412105797
3987108
3984348
7763405
4061212
1412947856
1666156117
6336295
4084537
3971443
9228177
8024045
4023215
4063287
3885663
4346469
3879609
1045939649
999940026
4021492
7873808
10544226
11509451
7880206
14890459
1355467131
1055319379
3857509
1035330783
3927145
4142886
4111794
4050030
8037100
3849396
3943596
969594268
983084557
4084402
11934101
4097893
3768570
7145051
5784517
4087029
3964831
7737882
1038645739
999977299
3957187
3947736
4191641
3902065
6599487
8092206
892413683
7901174
4192471
3922553
821087079
4213779
4151041
4122782
4060990
4132633
4053685
4035637
4142681
3872752
855134776
6998125
4246364
4065588
6261101
4058168
952997597
4039447
3871196
4070780
4175271
13587560
9096908
1187590014
4029657
4089344
9029790
4055156
3904890
3927753
1773036284
1869566330
1921775055
1932530920
1988815128
3994275
2652071227
2146958758
2278608235
2105432804
4007007
2190465446
4086893
4190555
4245456
2253393496
2983451188
2121070047
2170474505
16222300
4083675
2075877260
12120204
3983529
7639543
2025318484
8174215
4087046
1949598905
4119156
1841562487
3930060
4210710
4043672
4487776
3783738
1592621586
8025234
3788906
3926353
7782416
3825442
1858175004
3984865
1220488831
3776526
3898387
1040983780
3886051
4181191
3759599
4072903
4059624
743040279
4057084
4033765
943334169
11931579
1008068881
3999511
4021254
1103954451
1131894455
4094831
3710138
4073210
4207785
7854883
1087167811
12049765
3775641
3992870
8426759
7848980
3882717
1098654719
1556286383
4729357
4388456
1076576573
4080157
4070356
3783534
4229853
3752277
3749177
4028828
1077007009
3975893
1055892202
7892491
4173047
3956026
978974113
3832087
3847510
4032903
3823039
16193210
4154477
925560437
4167941
14277423
3924747
912153848
3928067
8187793
4966388
4114635
887244227
3798417
3787889
845709726
906826348
3997612
3728746
3973433
3905298
3836189
4098050
4002436
4060064
8125137
4166798
913103045
4352452
948374331
950834992
4202991
8033153
3915575
905162102
3876345
4060090
1210667411
8228656
4066731
661745799
3851551
4043330
4097108
4026915
679920533
4050910
3997888
614114211
3981334
653513894
4046297
3936005
4135945
8140090
3885820
3778491
886602163
904865282
11792605
4152068
13483002
8239812
4050030
1482198809
4136244
4021013
1639676941
1611671870
12150124
3884146
1753402757
1631005301
4119825
12135277
4173999
24482662
1548954025
3937219
1544438443
3968176
1487116877
4169104
7906400
12204665
11870057
11872441
3895558
1261001518
3808431
4111065
4193772
4158219
7946517
12093839
4069446
9324139
1081342865
4100425
3837344
4286659
3935829
1084836199
1082782259
4085467
4130600
3748332
1077592025
1035597408
3879890
3933444
4279069
3798488
7978552
7909668
3897669
4065803
3937774
4234375
748036308
6678901
668970981
3932338
4076305
629642947
4018716
4125280
722833926
4153245
4153313
758606372
7981009
8176611
3669930
755753628
9143813
7747122
4194731
7589758
7889015
3899478
1291853521
4308186
1076055122
4083301
4074604
4207657
5294165
4106066
1217479561
7606811
9167749
1239618342
19319582
1202097869
1142871682
4038221
3857484
4181501
7822673
3837416
642155410
4236651
4018199
4709566
4166881
4373950
4090953
12889347
4076608
4029325
768786589
774096096
4294761
4016376
873637826
3964325
7954868
3949784
929024460
4156049
3975970
3754594
3984105
4166042
1247231252
3849811
4015163
3924348
1455084796
4100054
1230416566
4094503
3943483
4013086
1614845421
1193576631
4265022
5603594
3922753
1343925295
1251094511
4015574
4270528
6371638
4211868
4230301
4077597
433564173
399726271
3971644
3764774
3899453
4142248
4133879
3880025
3934247
4090545
4117487
4167527
230275736
309340784
4182022
411348957
4022046
540131005
4100985
4329852
509137811
3915388
442070610
4077400
4380556
3955731
4064820
7772670
3796176
3885083
4056930
13856553
4177286
5182330
4110713
906639661
8104502
1092816134
1205734042
1071663296
3965204
4144542
4814346
1148084530
4086864
16301537
16071675
4099784
4351606
1562051464
1627956885
8148707
1799834895
4229813
1746912341
1760192087
4060798
1900165457
4006107
1942779552
3962645
1944310200
3903640
2547645708
1900489942
4312753
11864576
4208457
4262204
4130209
28208140
4219666
1643600930
1603247061
8751067
3983968
1563142191
4203192
4163265
1582878180
1745508745
1559236971
4057325
3983067
1761301265
1847831580
4151790
1749244204
3996433
1757339632
4095141
4208638
2069191790
3992884
1578433980
1512365347
4087462
1255634416
4017631
3944167
3909078
848106010
3940445
4060174
326660422
221621906
