3851736
3797020
3902478
3853452
3769656
3571795
3618283
3830248
3828859
7888058
3674428
3818593
3807825
7810737
3695696
427659894
3955522
7592446
6301333
3580836
454462142
3605051
3592182
3923668
3675001
3761656
4653361
3588877
3575198
7768372
3904728
7782077
3665504
3795258
229360751
3789290
3772698
288157289
365131921
313818920
3927048
3810577
3838530
3694541
7998103
216689539
3644770
3928348
3477040
7506675
3710458
3516803
3632452
3672474
3691104
3828623
3730175
3757734
3690630
469057289
3817039
3725726
586858085
11994919
3713229
3835962
654087508
16036035
5884182
23964117
7502891
11978029
3690200
704149643
6162059
633846913
6445311
3781985
3770019
5692896
3864937
3749395
3915521
7521277
1013005741
10300371
1005288540
3844454
1066533545
3671047
1050018397
3602147
1047139574
7589407
3717093
3839501
7534695
3693147
3845995
3837001
3738177
3777287
774420682
789532861
3717202
792944317
3768083
606093809
3601512
3730472
3824468
3562984
3726195
3782525
3700223
3741945
7752675
3690348
710998633
901560020
7938166
3741569
3737156
5929328
7978364
3766178
3797635
1110685054
7810858
3772553
7917123
1122569946
1148148980
1098523620
3692493
7786337
3845596
3635146
436757305
3855419
3756274
3812647
3720842
3763258
3736832
3814711
308443290
7783718
303351929
3791745
291674767
7714641
302673084
3709246
7747339
15878975
3901785
3926301
8710883
461811044
6948488
3856517
656054400
8026347
3890025
732789613
7729102
3859140
3806646
3780421
1000940840
13927332
3786112
3815359
7815803
1250297114
3644852
3780630
1244906398
1379539902
1439705513
1469289630
3649008
3835558
3713898
3888420
3796318
1505204722
15964385
1448419861
4543260
7997249
8133263
1449262895
1644645891
3692516
3706428
3749768
3741457
7744536
1554938656
3761635
1423680553
3721824
3807827
3651751
3780322
3632884
3789874
1229990327
3819696
3833494
3849882
3777797
1145608350
1085765355
3850614
3871788
7779281
11700881
3757903
3667128
10677587
1020544587
22653264
3758331
1042275762
15647661
3686594
11897511
1224705626
3605464
1226345820
1241379415
3823637
3586169
3647121
15267176
1190774501
3585473
1014218919
3742688
3723142
3643334
3614837
3652520
3760864
3507095
1007133829
3905762
3622402
3788973
7870169
1018072254
3681766
1065806304
7739057
3988994
3540780
3759890
18250379
1254591528
7836947
1323873026
3658607
1346050384
3714067
3712335
13989560
3816071
1507504594
1308981806
3548193
1465961056
1394765266
12398807
1361879676
6352322
3993974
3659830
1429941697
9038697
1445591556
3786937
1459878628
1511507112
3933354
3927957
3826111
3711888
3816819
3694711
3944004
3795211
3549820
1633604827
7631414
1615710597
1611475990
1597534799
3757259
1742155859
1766171827
1790576763
1846907538
1890974454
2000279925
1966517652
1951814298
3814948
2094151117
2019591702
1950456848
3684061
3739398
1934403669
7985803
7613588
1844211415
7838835
3639246
3699793
1675499999
3743033
3765581
1601420093
1506386885
3761097
1387760390
5295616
6547691
1197324862
3786935
3573226
3734210
3851994
696487028
639895371
3741880
7817420
3740972
7796916
510311993
422649232
3862856
3578505
3601699
3802065
3428851
3715462
3785685
3909143
3718710
3749758
3827706
214988409
3736908
3784080
380535340
3417943
386033162
3392054
3518256
3817063
3864640
3612797
7599088
3867998
3710093
3816515
419492354
368672000
3668848
3976423
3687263
7705131
223710992
3594699
3687417
7826195
216126489
3750050
201990393
3835369
3885133
208862070
3862162
3836718
3873311
3710585
3849331
4067463
3913837
3864444
210186072
359130093
3842249
488253898
3731548
472145870
3983883
7686894
3750852
3837154
3838960
7806123
368187102
3572633
365776274
3994278
4053690
3893365
3957195
3843760
3961075
3810385
3741057
4022259
3838217
4002811
4026379
4017116
3685414
3586209
205852875
4052566
3779888
3780198
214080368
3607485
3724988
3812948
3602341
11716811
3697340
16820644
3744034
3745221
7669783
805831346
956170041
3766188
3710787
3719833
1333555575
7878701
1476670948
1463113322
4843102
1494342262
3631358
3828070
3754941
1373107496
7757489
1302795312
3730158
3707598
3659667
3609328
1179233259
851177665
3721326
3920518
7735814
3896382
3889886
3647754
3699049
8626528
969490861
3726741
3629000
1099238121
3753209
7913269
997361264
3783723
1208829921
6673033
3628835
3799627
1244820242
15979006
3811711
3675843
3634491
3792417
1175707849
3559960
3699961
7553072
3497720
3815068
1180834187
3862299
7724988
3606453
3934525
3745157
1073680435
1104538480
11810677
3789484
3863209
3784010
3851357
1095348048
3701721
3643924
7641630
3599114
3795398
1082401663
1216243370
15737456
3803880
3900070
6396457
1036935271
3812017
3803483
3726321
3726014
765020217
3886360
3806209
601138948
7799232
4599510
3886486
389361788
3721214
3872273
208280596
3847740
3870796
3896661
3883210
7805833
213765483
3832331
3815520
3597775
3853617
3759511
278666076
3758351
3843820
281884195
3654831
7889200
3962866
3618899
3526653
3994860
3858226
8021468
3644082
3832967
7709731
233919651
3710960
3732817
3792440
436126276
5551419
540930541
507210086
3918086
3780279
3833807
3845992
237130065
268392058
328387206
3727032
322284934
3821353
3463879
3650707
3745924
3730538
7740721
435661283
420982600
3820163
3749549
245609325
3868388
3894500
3762621
3789813
3843400
208188562
3735968
3931892
3822025
3733382
3868333
3822901
217489493
3748697
3956306
207980730
7902890
276493129
3582218
3807718
4428251
292273002
3837723
3799059
3738604
3882065
3798110
3903267
215401139
3847721
3930591
3812552
217397743
3711537
3825880
3774526
3680741
7526813
7835427
3887329
3583052
305827605
7608423
3804326
486638076
3795787
12071746
3844471
3926042
7792712
859969481
3640831
3700262
15087009
3579668
1067165476
1191094574
3637627
1186456056
3572737
3596535
1218167838
3615172
3888828
7781364
4076273
3673687
1265000944
3630435
3821768
1213233822
3914247
3824485
3841971
1241152367
3703916
3837574
3736886
3661129
1292816071
3980696
1338176817
9681834
1353630639
3777348
3826105
3832852
3733206
3896853
3844143
1377164239
1358217785
4735184
1438775556
1318250318
3864430
6959281
1201344543
3729806
3600367
3642575
3900811
11682668
3804576
3603602
3426221
869466802
4093851
3519065
3769792
679520640
3760193
5430673
3828951
595362608
3909227
3803050
3517321
499339910
3750456
3852033
324674041
3792839
3462552
3833142
3836406
3950672
206700320
3814186
235586328
3867349
342150697
3733053
487431649
3939923
499677486
429190096
3600071
3787257
3785076
8288807
3959291
4915742
3662582
510558844
581535839
3782388
3779473
3689791
915195130
935788181
3823746
3634589
940022050
3649868
3702644
3889756
3595827
10441140
3719454
7750345
919381662
3664502
996450707
12748755
3801112
731229651
3727147
9804212
631653782
3775958
3767885
575592782
6174419
3649017
3728662
3944662
623758254
3718459
3668580
3704277
3793432
3802800
725269848
4255549
743943351
3808220
6651567
10804893
15713449
695901534
3685982
4109555
3717000
3593533
4430867
3503545
500318347
3828733
3584906
3694564
328078643
6593301
7817487
12449724
3530179
8493404
3754258
3560098
3564250
3738526
7584364
239107127
3701766
3603198
3686285
3610121
3610496
3648840
3570524
3600859
3765030
19628742
449566267
500832369
3710783
7835922
4012038
262824602
3853916
3838292
3649959
3843816
3551946
3612115
3879930
3558392
3613968
3924692
3824367
3689972
3856141
3684864
379574938
3943154
5538135
511459220
3700886
6184320
523024480
3690175
3883928
3533817
351665090
3724879
3601113
7733655
5359360
3921540
3954116
4053042
3690877
6960977
3673862
3884087
674128020
686099888
3760713
3536942
707311607
3809857
3616839
543467838
7702376
3757170
3616153
352921816
3689620
3714416
3515096
314900870
9223208
7687054
3780373
3803974
3837631
3765425
7533715
3709755
3662907
7827428
3657865
386360541
3727040
3747494
3839787
390055775
3699702
7747672
4203649
7815864
3748539
3816468
4423858
542350926
3881125
3820226
3650892
613286399
3650670
621266411
3772954
3545167
3853482
3801395
3489993
3788374
3807994
3823439
3841872
3985491
7669416
216664426
3858470
3622471
3769672
3712269
6928732
3895502
219845352
206354859
207824412
210255794
3835208
3940584
3789285
207013600
3848082
4000843
4045922
3835855
7925229
212184808
3624925
3751607
3758144
3871788
3843165
3859963
3732942
3691298
3972433
3627922
7904608
3892258
3607074
4033640
3658618
406961789
3772039
410009843
3550744
7666457
3591990
3672472
3707285
6666426
3693802
3762458
3532694
3739142
496528955
3696543
3952328
7844745
3817874
739716787
3754583
804996344
811282476
3827181
3730457
3748199
622459026
3758962
713979607
3709366
3872158
596237964
8072727
3716718
3773000
547959923
3749667
7843421
3506511
371468043
3684829
3810145
3796636
3892690
8153492
602942549
609660035
3925245
632055407
3677342
4542511
3727730
3551261
3691246
3662013
7727830
450839861
3854344
3705083
461066343
3774072
3739676
3713285
5774595
3785984
3678687
388266508
7843763
3816542
3809203
3541798
7801664
3829744
700712337
3677442
731673965
10825038
682407421
7724452
3880385
3899315
7305437
3590070
353854737
4030294
3676353
3623215
3781230
3812751
3734580
3806738
3605548
851952593
848293573
3765926
766169394
896718419
11874065
3838694
9191036
3898342
8071826
4139125
3801341
3846284
1013992727
3871475
3529517
4431549
1007118941
3708702
3696426
1040480818
3573109
3700393
3629601
1005641983
3653808
1154549371
3935308
504279057
3716720
3697554
3732789
3662942
3849487
3768165
3582774
7775220
312233307
368791433
3623404
3878458
3841702
3858348
3820187
312039333
7753115
3903684
3718508
442626936
3529796
361760227
3702639
3886259
5991343
3622990
3560915
3482713
3656521
3902478
3906350
3894236
3753940
3669215
3837828
11612435
339565794
3793409
11708278
3824164
542163401
3723185
3767540
3709863
3764916
629066042
3865804
673902331
7721016
3811083
7866810
7790914
3767809
3780265
633243258
3669954
3391214
7619135
7625375
3762164
3656892
3640682
680531129
3668711
3888574
7850255
874588181
894524434
3807806
3663833
924326900
910652575
3656668
3622556
9278142
3676236
3786334
3717534
751559679
3779809
7711261
655352701
3705681
580966691
630063026
3674720
5942137
3733975
487611170
3549012
431560651
7633282
12001784
7496034
3711378
5694249
8486728
368260271
3691358
3469759
3903354
3665696
3542715
3521588
3800997
3853392
3774723
3749678
621670232
3916260
3838176
733086582
3828880
4074017
805723066
784259808
3826003
3833859
7777133
798380626
9594778
4055536
3709012
3578569
3628923
7798943
746028427
725056730
696693927
3857364
3814757
328459725
541358258
3916345
3815094
718831303
3776238
837119640
3840601
3720343
3869098
930056690
3779803
3781435
3724120
3826573
7899181
1044655038
3888297
7650144
7549547
15645844
7638972
6297944
8020690
3909774
1420234949
3731136
1570605837
4037453
7899885
4621436
1693074735
1645863146
3789547
3762692
3708678
1609996687
7987717
1632985323
3804076
3720200
1340458452
3700768
5588409
3815311
3642909
1135605104
3850502
3758407
847372415
3919552
3815460
727355262
3846307
11765229
3711268
3745866
741666187
787729233
659747882
7840016
3800867
3826105
3747859
261969002
3809404
7559076
5561304
7900237
228799919
3618936
3777660
3775394
3838930
218715897
3866999
3848725
3910461
3881532
211288251
334662424
332546928
3982970
3758434
3777018
3806679
3848098
3988821
218315446
3790959
3659416
3811476
3920196
3817634
3770199
3890617
433741858
437390886
3775705
3758950
7962569
222559750
3733009
209333448
3786676
327357633
476279130
445064105
3792059
3841531
7659354
470555800
7865269
3712388
11700710
674303192
3776785
5962186
3466929
823981961
819676921
785699034
613020203
