4193272
4084570
4167363
4147845
4047681
3752140
3804621
5030594
4074235
8438578
3893855
4126431
4018184
8071090
3907771
436354892
9991701
7765344
6503458
3768997
504180329
3751264
3741248
4214912
3853510
6969277
4943622
3754250
3733365
8064201
4080939
8019305
3905101
4065299
233444540
4101089
4063902
300429489
450133842
322461476
4190413
4091547
4104336
3974779
14737455
221066206
3853724
4178995
6103730
7710841
3964507
3753464
3859895
3929138
3896392
4094564
4019987
4871854
3965394
497779640
4071830
5230138
604954704
16638711
3955506
4103374
674268526
24005203
10793032
31744670
15114089
19776704
3905013
1049255048
11169586
658090635
6685701
4043146
4029167
5946310
4123388
4058147
4195609
15485639
1039124498
10520580
1214835106
5033678
1084301988
3864938
1099000470
3812143
1058172147
7779841
3903484
4058633
14763276
3913612
4164807
4110587
4024051
4067878
803338681
801585466
3961588
806017965
3996937
613989773
3818558
3951957
4045218
3737980
3976389
4044616
3909679
4002410
8028588
3946981
786304496
939755275
8204866
4005719
3968746
6201164
8245692
4029090
4048531
1163489927
8070776
3977809
8132525
1160402908
1185719530
1109497704
3950375
8062889
4096819
3795011
455410126
4109481
3994991
4087096
3992124
3982356
4001397
4015824
322360531
8039066
314250288
4048854
313213481
7969680
310484689
3977605
8005021
16143624
4198888
4189650
8965530
482719631
7235936
4141087
676087070
15899350
4224588
759973013
7911939
4132260
4088203
4062144
1026258590
23032856
4041905
4082888
8097802
1309692637
3878543
4025404
1301134994
1418340478
1512991947
1518801494
3872785
4136635
4744427
4161318
4055212
1655156959
16148827
1513522819
12271783
15406234
14551079
1552633806
2116735122
3916073
3963146
12287484
4010627
8889223
1809797849
4020638
1447201155
3972099
4064818
3811599
4076318
3825371
4039824
1267505543
4088237
4085481
4145418
4004170
1244229123
1176418496
4084576
4166742
8026358
12053878
4015029
3847616
10949783
1042495653
22853763
3979486
1103853367
15931607
3963742
12156240
1251393145
3821455
1263288902
1653891562
4084922
3787463
3844492
15441836
1344366922
3766554
1029745493
3960579
3985372
3853088
3806425
3856524
3988578
3667338
1251248574
4154595
6810684
4072822
8166979
1069058884
3934346
1095157866
7990416
4255572
6330496
4052619
18522640
1289187707
8116422
1360330363
3866633
1617480943
3924859
3925757
14191262
4042065
1926018450
1360440533
3786096
1953470300
1459624617
12604661
1389959131
6554008
4252059
3908010
1492741730
9308659
1479164676
4095051
1560235352
1560321867
4190001
4204809
4083524
3980217
4054663
3952893
4239501
4093392
3778477
1688227634
7871932
1657864906
1681134295
1678413823
3992950
1799410412
1942611184
1826059172
1885261951
1924910103
2067682541
2012601924
1975907070
6243518
2467887327
2071802166
2007459857
5458819
3963294
1966278281
17709698
15130987
1905345563
8120498
3944771
3879346
1707946491
3965197
4015313
1634733426
1527684324
5126775
1419871576
12540892
6821754
1216084094
4073010
3745046
3992709
4103496
711100648
647981917
3989775
8072791
4007640
8001301
600825749
426648048
4117861
3799117
3805867
4071595
3591529
3939134
3996432
4130564
3976780
4008975
4072394
219210156
3940869
4027882
388967385
3619908
433231719
3535828
3686869
4016913
4102487
7290223
13941393
4132723
3974834
4086522
427385879
372972441
3876980
4191470
3951005
7914268
227878971
3776282
4669207
8105799
220272300
3994900
206159040
4111220
4164222
213179248
4114956
4119407
4143160
4016963
4110111
4357549
4177763
4128553
214430840
379977961
4129614
496064497
3929015
495053851
4230430
7878148
3988676
4076347
4133277
8068964
377952901
3780958
388653384
4237892
4316716
4172244
4237781
4167240
4212454
4065899
3980777
4340672
4114019
4296866
4367778
4309167
3960193
3809476
214632580
4334938
4083957
4030185
221826091
3829876
3977426
4080599
3831321
11946249
3921928
17064726
3976852
3987707
7900426
837581040
1008998541
4014853
3965874
3984348
1357930271
8129041
1510318996
1489894921
5088549
1523711276
3869297
4085145
4044117
1399061677
7980694
1316451044
3972844
3938151
3836592
3811184
1372560413
916765609
3916136
4192830
7989861
4160540
4140635
3830543
3956228
8824743
1052817971
3917417
3822900
1164521561
3981446
8186107
1459366490
3985139
1240030353
6907999
3879198
4026519
1267607092
16199110
4021364
3873085
3860856
3991774
1202391629
3757711
3926859
7718953
3654273
4066329
1231716770
4122658
7926437
3781505
4203503
3969700
1363298232
1129125062
12031257
4075368
4147024
4036103
4058111
1129126513
3900192
3867342
7822602
3765721
4336842
1101663583
1546927744
15920418
3972961
4158490
6574621
1058675769
4111141
4061793
3989791
3967948
787831476
4153976
4049787
609830672
8069470
4861637
4114983
462961057
3911777
4148257
212823252
4139140
4153549
4187191
4178976
8080966
218135696
4211133
4086762
3790623
4133557
4040515
290022852
4027103
4133578
286231819
3849477
8076505
4263625
3793014
3694676
4242423
4074146
8272125
3819026
4085344
7923719
238253686
3927772
4010302
4034039
461864597
5861835
577922716
511315194
4170723
4044034
4084802
4129674
326359203
286844490
340998794
3977264
326413929
4090652
3625319
3881007
4003100
3970417
7993090
450711392
434161890
4098518
4009807
249789375
4126607
4186297
4050643
4062553
4121976
212558538
4020575
4228960
4088737
4026236
4157599
4085162
236286468
4013324
4259610
215996170
8176578
288507104
3778684
4101157
4622528
315604170
4110592
4101869
3944533
4165798
4090811
4184107
219697001
4147765
4192140
4069140
221602357
3906640
4042852
4022193
8717045
7721101
8096269
4147024
3779723
317122419
7795375
4069631
518726688
4086471
12349868
4112253
4184783
8045083
893198777
3880239
3954497
15269948
3794326
1104978912
1218502565
3855939
1212798696
3757668
3810261
1606491497
3852078
4182193
8023957
4336347
3863827
1296798737
3913803
4102507
1241022159
4148942
4075824
4103339
1265684931
3966695
4103210
3964721
3922012
1336572964
4254084
1394877895
9910746
1394125376
4014356
4077216
4116132
4034355
4147940
4083131
1411701070
1380515476
4927521
1780959890
1360025982
4095591
7189137
1214311940
3948577
3834238
3831941
4184385
11947123
4010298
3844412
3583566
885693240
4286642
3753309
4033654
691359012
4023434
5683614
4085698
602688909
4183828
4052016
3715234
509287473
3976681
4099901
328916366
4020078
3653083
4078986
4070526
4216733
210978479
4078630
252748135
4147391
359786472
4013130
501523150
4210388
507991918
433431293
3841729
4050940
3987877
8530343
4207594
5136463
3941192
547247894
626905749
4056969
4942029
3954278
952009339
977105707
4073087
3855910
972657031
3886529
3940264
4111954
3765040
10613065
3921223
7949246
937374685
3877407
1237760460
12932008
4082917
749037829
3999660
10060771
649527447
4045976
4012650
587474749
6367977
3881448
3983448
4151778
887231100
3917954
3925710
3926247
4028187
4043330
742993547
4501682
756244595
4026355
7109349
11363013
16178910
705207427
3901304
4284690
3943822
3771587
4624923
3660622
547893470
4090018
3752713
3911790
332416216
6756575
7993919
12711292
3699756
8649171
3996881
3737027
3726466
3994310
7760616
243432620
3896858
3788342
3891799
3783494
3849233
3798016
3791554
3811981
4037287
27524553
477716287
579073523
3937934
8165139
4206604
312453771
4121233
4096071
3830145
4118061
3720699
3784313
4170126
3715584
3810511
4150630
4147484
3963958
4112671
3915435
401271463
4207500
5843939
526706994
3931528
6451189
533479248
3902143
4144277
3693206
356015347
3928000
3765121
7990760
5517490
4205048
4215459
4302568
3880058
7213637
3929195
4084960
700829531
705737928
4006092
3704273
720019898
4063878
3797280
551866498
7961266
3977411
3806717
361436805
3921327
3949472
3679746
319188985
9420210
7952556
4007800
4063046
4031082
3995562
7697696
3916960
3910607
8062989
3875766
397303586
3958352
3993133
4056426
407614672
3909817
7956821
4472158
8080402
4018841
4077717
4659732
562030276
4095791
4071254
3860863
627616378
3849094
669584136
4019567
3718763
4137759
4077422
3649106
4054435
4088221
4117187
4096134
4271397
7931809
220811137
4107985
3815066
4024121
3899946
7188160
4156647
224184110
210712747
212074424
214630070
4147496
4227236
4059809
211309255
4113551
4284494
4301419
4091842
8207254
216462421
3837226
4030066
4013105
4175817
4118205
4111621
6260496
3893890
4266368
3890734
8201871
4140119
3871026
4308883
3849015
416461042
3993541
414237213
3745047
7829462
3767388
3906658
3896234
6912509
3954932
4002797
8920727
3980324
516718982
3911637
4106821
8140507
4088398
768988318
4000770
833300608
828746382
4034740
4021020
4017250
641294166
3970313
938336962
3992073
4137346
615284993
8306076
3959893
3972502
559473146
3991450
8077601
3674975
375686719
3911295
4063414
4049420
4146267
8689786
621991251
623605386
4155686
641276756
3935674
4747485
3943381
3728676
3938695
3897394
7987614
468149518
4102766
3872121
469337201
3950173
3915911
3958993
5953084
4034654
3884174
459807245
8097351
4086512
4059500
3737093
8099485
4036968
719703014
3875972
743834450
10998617
703314106
7952845
4170990
4120598
7499042
3748605
358133998
4360422
3860621
3838495
4022988
4109044
3989743
4089677
3829651
883218875
862660467
3988453
1077123191
918104078
12127464
4088754
17021523
4184599
8332622
4387418
4050349
4087228
1053000509
4133630
3694316
4714637
1041834511
3943973
3917061
1065545827
3781414
3889741
3859114
1019813323
3843339
1385820320
4246899
508602051
3937695
3887490
3949324
3959814
4109850
4038086
3821609
8054066
444188634
413179886
3894186
4145014
4141117
4167424
4120373
326080796
8018063
4163497
3882140
452322752
3747859
366092733
3882869
4141665
6102442
3801035
3755395
3686634
3832072
4127483
4071184
4161577
3924606
3850867
4086213
11782681
347890624
3997000
11988644
4061671
566583817
3975601
4009640
3975016
4059920
649653013
4118501
684923803
8009379
4101535
8081957
7990771
4002447
3995318
651124413
3879348
3571580
7874772
7772211
3996562
3858397
3897726
754280396
3965085
4141468
8214624
897469638
924250665
4061048
3924673
940437413
935679303
3857952
3810763
9533900
3931814
4031541
3974393
774268007
4006767
7959349
672770436
3952900
596749925
752724818
3874534
6191310
3982601
498591269
3727585
443099360
16613281
19775166
15290680
3913005
5953864
8630533
389245406
3899054
3640202
4093427
3907921
3718757
3695480
4065056
4092580
3992002
4008618
644655455
4145572
4131296
747683090
4037498
4315159
822661243
801959595
4129446
4104174
7964953
865224628
9792951
4306729
3975174
3789627
3881166
8000004
780946783
741629255
710962392
4095646
4872478
345368977
566875175
4186206
4080835
743310123
4038137
876463893
4113925
3981878
4127928
962183388
4043794
4066264
4012165
4104085
8152595
1068263138
4149476
15189919
38469448
23816727
15534548
7543257
23928962
4211250
1484713876
3999554
1621181065
4293949
8167190
4881446
1732163854
1690243200
4046383
4039484
3947049
1640954197
8245068
1674568160
4081162
3940292
1360221623
3951528
5778706
4067969
3821437
1147697390
4071395
4038994
864686747
4183403
4068942
752216783
4123286
12028001
3927024
4002380
761909937
920110417
670089292
8078985
4058723
4067813
4016911
266153337
4097821
7719848
5915504
8265842
233119420
3810578
4034407
4060446
4158776
222850254
4138305
4136168
4209830
4180442
219478955
345717966
336872077
4242823
4044299
4009940
4068091
4121855
4283011
222609206
4046027
3878403
4092521
4227181
4113578
4020283
4170154
443874402
471493090
4039582
4047617
8289216
226784744
4009254
213455792
4079759
344253241
609784674
449897928
4085267
4131973
7901978
499361040
8113532
3913426
11971555
686677684
3996497
6197783
3646167
853286919
835125850
798114320
632390707
