13543408
14577750
27855486
33931588
633392190
2480892288
2485566706
30964668
31231198
2793384413
3006126314
2975381966
2974355333
2936717360
2889288695
2854308867
15642473
25001385
2964764470
41668130
58728268
45666333
33259102
13568308
15364236
65951469
2840214856
2904611733
28318737
3107806242
3029837781
3134910424
3163694578
3122554232
3195052221
3276611222
19648488
31022964
2964063303
21575297
19340892
47310708
27861688
2921632440
2990163801
31133764
2961430357
3043031665
3075596691
3065927772
2999422888
3027290220
3028286246
17153267
12008269
42805734
3040876956
50009233
2949861175
2842980783
2904790794
2840942088
2851615905
46591137
2876095877
3038422910
27936198
2998760239
2996012588
28738715
2962482704
13787105
2931372794
3062276936
39058295
40216549
2882456858
36049041
51980802
2964611423
3016596409
3049438138
3032146719
3066100356
37280134
40063557
3119331528
60193253
52980914
3324007701
3044444419
2893016410
42815337
3100762828
2932755195
2915764310
2860522856
3018221524
2892612479
2995918766
33064006
2956712558
2917063349
32586202
2844004390
2798931746
48178001
2865107318
2874554330
2812612033
2899798004
2845506917
37880382
47639885
3037380911
2938226003
35192216
18937454
24380298
2961029904
2996563714
2970979520
3004791585
2989682228
2969844867
41584209
44815746
3112919527
39736871
48412305
48252667
3118870891
3271705316
3061025671
60664320
3042508192
3056450904
2978417227
26131719
2954131116
2957155632
2953457119
3003791048
2910134425
10617689
2956560292
2940513472
2900752094
2996142079
2892083846
51977504
2887960392
2821136610
2981065871
15685708
31132883
2982558513
2989736107
32594906
2886365056
31994162
31250089
40527752
2965993820
3169487263
69695101
27556139
21257992
2958117543
23760758
48763723
27391354
2999838427
2996870454
3027136364
3111078627
25971111
3094692036
3152027334
3092179002
26959676
3035874247
11962158
20055475
3090485641
56394343
3049477839
3028305553
3049623040
3074612839
21032872
2991053930
32536819
46076503
3043682773
2957177857
3036816171
42224665
31859159
21757167
27821989
38368660
34511561
56602015
2922817044
23701731
33330124
3027627023
3068611728
3021295514
27737647
3103795807
3016492118
46332479
50331876
3036551826
3037214450
3018988275
45048979
32380556
43624727
2982865396
13723204
2866158167
2900478488
3031820778
23846133
2991810670
3023428015
3034359750
3024483390
2997554684
29419586
3008858451
58833445
3135966678
3049991746
3030262957
3043890401
3085950977
31939675
2958616376
39303343
48699930
36572953
2969266393
27640122
33741423
12621967
2868542703
2897085137
17619713
17381901
44496485
2999253717
2880132548
2928117394
20244433
16580019
2982546083
2995405715
53062487
3044927647
3068057295
3074714729
37548112
60859862
21138503
3076519862
3027025045
23691483
53073378
19024208
2993862687
2972164436
35772948
40976777
3071060132
24067947
65778800
50009961
3033283988
3065691098
20093003
2844748343
2872600914
2995584284
48503981
35753077
23067998
2904817486
2854645323
2940555332
3046136955
2890062672
2991525554
15746247
2941303835
3002299387
3020141528
2950163235
19446191
24060809
2974214472
2960072563
2929537773
3023427040
42615314
2895456730
2853942759
2947358904
2876459741
2900841745
2934730364
12161356
2993299721
2963095864
42712120
2961487602
2903837351
41764023
2859714298
2888077705
2939723678
2918274529
2789369749
2834051315
35810208
38173581
32266377
2903208188
2878906713
2920119259
47337032
2904657404
41039131
2818928537
2864483464
29920544
2951064973
2961815804
2907518478
2863420835
30621685
2917292589
23899505
2879219137
11713078
36935497
2763006561
2764980401
2785070168
2843795249
60754389
68339797
38881948
2963410439
25505715
2868943256
2910919574
2890892544
43472380
2860718309
2962248899
31756468
3013749609
2953926516
2969589198
2997744514
3347468005
2974394955
2866990603
2928051928
44205218
2964619286
2932960616
3323026242
3029178839
3020105853
17687250
35768714
43687016
30644774
3042365274
2872057376
2885748349
2943420553
3182244843
2965271178
2949891262
2900030845
3050599327
20103968
44525211
2986520590
3039331821
19176785
15451192
2880827712
2966156309
2855789018
2985999720
18754512
28305159
41897068
21938097
37215300
43716765
48457789
35849403
2787764314
2865627184
2897107194
2999253667
2958181476
63619071
3137004230
3151341368
3179795480
3128578831
38070143
3271462140
3331912216
3240192031
22400580
3221018587
3263437244
3193254078
20053960
28088661
3127797225
3027227327
3074292248
3093485513
23980259
24142806
39637309
19285753
3055414485
24981369
3096275590
3044265394
3029375908
3068266293
19343490
19530352
3463260207
2985778848
2959800315
59649314
3056527459
49077750
30773673
3062240991
3080811730
37772655
23224627
2874834422
2883388715
2954417924
31359404
2991787493
3085215145
2999678045
2979063578
3076948589
3387931572
11683579
3303291538
47732713
2941601373
2956083776
3061403839
3024053015
2979182292
3243917656
3038532488
42493974
3026693718
3005761590
3116798354
3101788398
3134578635
21233760
56070068
3097251796
3047078121
2898936961
2954195809
3056350108
32385095
36959808
60072917
3082857913
27980498
3001466467
3037236718
43929858
3024985574
46429296
80033260
3240942720
3239143379
3201149968
3185615643
36499686
47367496
3249187867
54620826
19684068
29324821
3622430765
3510605668
3201337872
3197702341
35814721
23625840
3001590833
3361947257
29235901
2944972126
41086449
14083823
32000145
67069155
3033958869
17075916
15807665
3069334495
51896017
2953899916
3110910544
3109947602
34906766
47695244
3125875199
29618909
3503431909
3514515999
3140323614
3133862667
3090170218
3123986082
3111842456
3029151156
3070184568
3118455522
3231916677
3086106669
2993183856
2903828354
3065015303
2975665957
40525043
3036969937
35712157
2919567223
2878643610
2881379400
2874172249
7943531
2905909218
2764281584
2872237204
2942612076
24985805
2989323673
3261430140
24204235
2775530664
2807650639
2923848762
19125624
2744831205
2757396215
2717703772
2727570530
2781307943
40089041
2657109533
2633574635
2692815001
2666190096
2759362136
27650106
29133992
36080680
2807218631
30648095
2890169631
2880270104
54291119
2871652793
2956050112
2963721140
2914704046
2982867233
2976359091
51128307
2911475209
31829884
47884101
3024335081
2817889273
2879626914
2934295591
21255878
49973975
2971781695
2922816103
15250416
2964929572
37695166
2925327569
3003492007
31090849
2820500243
3020182270
2862097630
2930997394
3133679888
2861070695
17234442
2923139734
23852561
2967663673
2892276751
3318658154
2846921220
2906261784
2837117591
2807218326
2857611699
39902603
3005497797
23519541
2960527635
20047861
2952575961
2943610566
2903721259
2981764057
2806067549
2892236323
2868678383
2815372983
19866657
42745053
48999244
42126272
2941357720
2966859123
2978290142
31834856
2982666842
20256258
19053766
2985416416
2935532888
2998567798
3018841878
18396070
2996980840
52008366
3095748050
11763263
31548531
3066399383
3056998448
2953533511
2964469974
3053965687
2947625544
3027382347
2897782895
3045667725
3009484767
30063785
2976690512
2930023436
49644142
2937236848
2976906003
43683355
2926001275
2918958181
35937340
2970844987
2957384141
15645458
31988724
49227250
32155071
19661611
35748137
33073964
2732208467
2818203382
2992274245
2945111390
2963489295
46244988
2955307629
27545656
3159617892
3020330766
2921417430
2927805103
46534185
23826745
2990755711
3053363344
31769377
35764600
3061754609
23649421
2941636017
2876667532
2897610349
35079465
48894768
51947180
43955962
64760739
72378250
34996365
59614291
20725137
2907818681
2978483001
45419659
2995716603
45098387
2897991494
3019112681
56133041
3333455532
35368926
2926352235
36413886
24093104
46633587
3018010336
31780253
2981199930
45068890
3036419380
2922032581
2956782529
3005134221
2936601048
3018803866
3074441018
24242128
2958354148
2929697377
46128844
2944418326
15509235
2954571379
2960138021
2910939859
2926877435
2954560784
51992891
8140584
3316159880
2871389250
2931421398
2904643903
2987763215
41498534
11812393
2912368380
2918104130
2933094821
36836299
2997046229
2955635332
35590659
2960816781
2873256627
2914087051
2930083431
25891485
3016311433
2961493577
28188184
2954961444
27675022
2935385990
23235324
2854104175
49206937
42863015
12747122
42681348
2915132065
2783588653
2872684328
2812770470
2895944637
26006857
11418449
2982246500
3024092617
37411059
47455319
27282178
38612699
23085463
2956989363
2909379218
2981114211
2968758767
2975102963
2883472926
2875958503
2879577695
2916419251
3061538470
36962839
3092195277
19776926
2985315602
2962049210
3030158037
2930195808
3011388386
2986110306
39676026
3014229737
3006412409
2970655549
2992931703
3025207976
36439986
2880736380
2888787053
2973557304
2946636231
2915080405
15813898
2964117937
2954471516
2908227663
2888012543
2909170095
2797958556
2762585486
2809408023
2840320819
2898816148
2868785192
28199318
2898097794
31839580
2902089209
2793442320
2801140030
2792745439
2823265588
31641404
2866639005
2870192811
2936609128
2836767121
49314613
31323481
31699351
21299800
41611783
2974067383
2919030884
42144799
34073446
32459143
15196496
2910367764
2924444538
12534151
43048294
2915169258
2914835970
3055672895
3009882193
3054730440
47673855
17775320
3011843491
51711307
27607142
3028652905
2995854893
3129382375
3054837648
3017311189
39975960
3050160407
3022748614
59548426
44593675
3198819187
3118451154
3376511381
51234459
44041844
3004340609
3002807694
3046583877
3028168637
3030872734
3000220586
24424707
26251214
18535791
3052676243
3081277525
3050301456
3064284014
3097088190
3034149219
2871444496
2953539655
2948778993
3317850860
2972017142
3091473244
3069613416
28941765
3013342737
23890728
31881541
44241652
35170207
34692099
2982221287
3002945435
3040602715
3088272868
32684249
3081644617
2980879725
35901725
3028934295
35721488
42446115
3055606766
3105320925
34722183
3142998968
52124842
3052308043
3125215995
2975697044
40684427
3060797259
2913455188
3028923788
3287650391
2990455313
19150465
2893134923
31973951
35639336
43409415
19916092
68566930
21902024
2900629187
24797978
31764725
31940535
52909400
30333485
22076180
2907990898
2970045340
2992440971
36024320
3270818766
2890960577
2924697410
26296755
3073691160
3005781238
47715342
3109478677
3162271444
3295111345
3623954353
14997844
3170275835
3179282886
3034134905
3050267737
3063022045
3071294157
3021951078
2976051667
3038599757
2964321616
11574583
45599510
3105077169
3013721746
3027407388
3194123407
45890942
3013925098
2840313407
66232034
2876073301
2921319157
2869107266
24134411
18859469
2838571816
23422729
2779975202
2811723574
2866966336
39086525
2848586917
2870224923
2940712740
48719347
2868328921
2903551008
47041269
2920992119
2969519124
2839980090
2856935760
31833532
41827337
3010808241
2941486607
40137273
43803985
24769387
2959057918
2947350898
2934816136
52039540
37950469
2866035044
55220314
10114470
2944513777
51239067
30060512
15583901
2919007474
2802644904
2942741285
2832571231
18952599
39441664
2834284622
2919942525
37811474
3346656914
40105495
2876120575
2746961617
2786616341
2709178150
2823905673
2981416189
2874749495
2899314183
32145791
2904236850
2918445731
2920518357
2885984816
2942738883
55710625
42032751
3028855293
56200186
2835022852
2917788056
2922880095
13426134
2952044935
2859185357
2975804112
48127569
2860681057
23576446
2939002597
15801444
25345548
2874028032
2893326311
2844926385
38915687
2917147083
2773465755
28176284
32208134
2865834899
2903242128
2805012687
2830997640
27042594
2808984630
2783495266
2758004328
2809918142
2822998675
19482156
42027102
14615616
42949573
3277058655
2774264480
51172304
43679331
30207462
2659089173
2692960194
2669474483
2874428315
2808654197
2815705265
2862362149
30807805
2931604212
50337643
2990270428
44952739
2847107461
2851511535
2844689256
3068210655
33499745
27578712
27996018
2844221877
2914108083
2871929829
2838609929
2924344461
2813956067
2827970737
2910997864
27290163
2943502680
3076049997
2886281291
2860072865
2886298343
2896503631
2858582875
2848753039
7558422
2965890530
2918468970
2928103352
2833524174
2778614627
2818434299
2876693181
38996765
3017544897
3280357987
29987035
27764008
40528047
2898219106
2884145341
2836251315
2931651317
2817063647
24653649
27284563
35147270
2887966076
2752229344
2798407322
2912375759
2898881535
2741296426
2707647154
2698626810
2823421817
2757749156
29052536
27192544
32740505
43720177
2843391795
2851049356
2839092758
61262871
2849208088
2896725477
2849699444
2853423992
2945609186
2943502963
43610814
3040855556
20755111
33714586
32973922
3041337647
3160689625
3224592678
19747461
2917959482
3003352726
3013540773
3013221258
2958441702
3095856809
25903514
3014615577
27816020
62321985
3062817076
29462035
3092919737
3057928122
2947686950
41604018
71872342
2965404785
2934685773
2958825892
49087697
2917909357
2921429831
3003032776
35871528
43599875
46333119
45257955
39503811
47196656
49829048
2914554903
2906158775
2824009604
2965766828
10875337
58328186
28403491
2803217620
2874084214
2866600495
50451098
2988815147
3022060941
2975099897
28788519
12183541
2961910799
2980721536
2884703881
2990865335
3028358256
2919141075
15644158
2925396250
24601656
32803503
2954500092
3004309394
26775734
26066420
3092893638
3567125291
2962797935
3068623099
47893497
3000440370
36227083
3037838805
29758834
3036315746
45515353
15910027
3038915576
3106521341
3348261044
3073364591
3190213074
3007109233
27908748
3040403342
2953640746
2944175436
17502417
3048344414
56439205
3069110301
3011286482
2926929680
2787423477
2817057346
2775468732
2895525985
2883359633
2893788149
2935994366
2986641081
55939232
2913948649
2781406972
2831328822
2861231360
2881191705
15507172
29963960
33226347
2921283935
2808808488
2795956951
2806951225
2871002079
43810587
2846566998
44302127
29498749
27324114
2969390366
2898154643
7742408
3033361400
3034188279
3212825620
3107625322
3104018480
36106117
3054820530
51910865
3125513343
35537824
3194017743
3172255642
3084430689
2980691493
35798885
3023958734
2890179504
2961439911
3017303319
26747319
36295142
13059082
60755135
2901444332
2924862566
35435531
2986554589
3006732958
2935563008
2948380422
56760699
3049305084
35188836
28566513
39961054
2944563773
2918251013
46647239
23845840
2938463070
2995616901
2969773856
3039947984
43850073
2932627898
2936662319
3025466367
58389437
2988560658
3135385182
3087740842
37675468
3123246762
29847972
2904724579
53174728
2985829564
2988585161
2914657637
3272391612
2964144117
20795607
19974220
39337437
2961855400
61008028
50360583
27274912
49341975
12847224
26500094
42498815
23619265
2963428928
3073976227
35653882
3028029551
3102917461
3059980890
35891062
32001294
2933518691
52377464
21112721
3078191891
3006948046
3431294590
2898114692
2910891145
3350063025
2821917026
40203707
2932388161
2946321796
3091849281
2958191410
70602143
2928668729
3002232695
18674732
2897980251
2959564427
3016511113
53706587
19155745
3051649513
24650358
23883337
3003004530
3039438013
35264903
40343783
37633553
2880475079
2798034098
48858334
2904770536
2918006826
2785260718
2933643998
2838523962
27072024
2994726414
32005711
3005632056
28755558
3193027803
22078834
2899090576
2930178547
2891577997
2936895942
36581644
30742369
2881156614
31103267
2819187552
31635991
2867778543
2964778053
57607673
2992038288
2922683675
15254435
2958148496
2935330372
15284071
2819152801
2865858558
26313807
23585035
27630480
2947389120
31838666
7735817
2985156885
3035091021
2870703538
2957216463
2952058974
10511488
47741654
20747485
2862467009
2928448644
2954770765
14989508
11581964
2950066020
2895297436
2967642914
23890769
2987203301
2984052228
3043177868
48247201
17357779
3109802159
3103647167
3076977333
15121268
27890986
3052195935
3135328774
43608770
55723007
3176016579
57235629
34416199
3104920999
3497229158
3104663243
3077311532
3602585109
26259602
65229715
2907023893
2924743019
25095535
43438618
20092471
27730959
3036365354
2834586722
2919788238
15514338
33501762
2983525920
2937072084
64630073
2896116455
64618765
2959796043
2933078248
46094783
53018839
13634484
2911028882
27684445
62839835
2902023192
38099743
2886694219
2917219500
36873260
2964809207
2946847229
2904097699
48296730
2981344959
3020681325
2936453784
32359856
20855879
66467724
23817204
2970796292
50752566
2947725728
2934839472
2940080291
2849379556
2933232370
26552031
2889940890
68347323
31567974
2911900547
2939795382
34987471
36690894
31901771
2905746830
2864702884
2799883482
2850094938
2895816130
2791412133
2849709622
19555001
2963953427
3002512552
42482556
3014155771
20004542
2955162971
47758420
15832803
2984421562
3017937421
2941993456
2953225238
2949661798
3048019725
3046907226
3031250637
39071714
30265929
3052521235
3112302975
3196906900
3212713591
3133761759
3067834702
3097401779
25992645
3074476644
3080921367
21001768
15927922
36905349
3164960207
3091876638
3103828915
3033239582
27455912
2910526279
34274570
7716558
2982000105
3072608080
19756616
8469435
35735103
3438862860
28110849
43928267
3327025214
3055728573
63395065
2986452281
46687857
3111254639
2864787770
2887194859
2996807155
3026356833
24939911
27871818
25863301
65725011
11756985
2936337057
2941233753
32772192
2883846984
43946413
2953854640
2994711633
2865976917
3368547608
2926441056
3079069012
2915505123
2845898414
2883216125
42699030
59845516
30233082
45279654
13391070
60663563
3025902614
3011553148
49828078
37350173
54854137
43385707
36293731
53171840
3002259165
3051951468
2923361442
2991119088
3074890758
3074315478
3055512826
3078797123
3040294441
3057729337
33377167
35806812
36872520
3103113587
3026486894
3057549801
52101139
3048560875
24615997
22284599
39773042
30219881
2885938093
2931371517
35200998
2959284734
19368192
44815697
3044280806
15552723
3045090098
27805983
2960337515
2996790948
2983801208
3086663160
3021188531
36016520
50335670
39784422
2915752294
2949785393
3109999438
54799121
55451824
35045378
45949080
3019701806
36317890
55914569
43443790
2832892919
2796243946
47829777
2819482174
2879567934
24727252
2888825315
64350205
58957719
55892393
2878912085
2859158616
2896386586
11608666
56081003
2940606764
31776214
24440538
28231606
2941144587
2860651892
2782590410
2823161299
2929488424
24353084
41882573
2903274163
2836993302
49383418
2899930359
2760714671
32016206
2878099467
40839859
11852096
2888084339
2805105864
2928433602
2931167891
2873327213
22558692
2954772309
3242095667
54093440
2744717710
31695978
2811514780
20734701
2870573071
2821723582
29785864
2883023964
3110930943
3047455634
20386802
57081939
33914018
19857301
3239294589
2932570832
55500730
2886532327
2858855029
3025984037
3027129573
60138733
24494870
31205337
2971295210
44094114
33165188
2989244017
12736224
2829396808
2779511550
62817498
2855503957
2960017945
2923532806
12158119
65638642
55769048
39590847
20982054
2910661188
21353322
2894948511
28922026
39820199
50142043
3310486811
3092064376
2951171865
39893696
16580155
3015022202
2982916867
3018342988
2991105793
2932922559
3070068093
3090412975
3015617468
3004816285
3078061525
58352680
43774035
3067259040
3052671224
2977692016
34471167
2920354587
23754541
3010949087
2984399065
3071562965
3405897044
31695389
3014659503
32250381
2990494155
2956598792
3006943513
2849595028
23666621
2807999783
2748097409
2809151063
2753311779
2850676203
2917805660
12737738
2952988299
2965845843
3030428117
38275607
3067464412
14448057
3092760739
3389412097
3151916968
3163315574
3110138868
3142318273
24162067
19381480
33430783
3078980368
36997900
26784781
26751796
44693821
11250200
2937111485
2931043546
31859597
29802264
72406199
23700001
3028276229
2995884716
3040813187
3015989750
3027494305
2911803798
2954655106
49653263
37763744
2972995435
2965350786
2980649345
2874431048
2841850135
2864945073
2856537346
2853160033
2936841551
37888256
23759164
2959578675
3006585012
2931087297
34246040
2878195405
49281793
2965141142
2986312389
2979916221
2988552879
2923940982
2900022803
19751360
16312175
2915416911
2973422105
16155640
42603371
2984442350
2984682866
3093858704
3022910758
2858593235
2864141885
2851475294
36066369
51787452
12336308
2968721006
2994240005
3146209340
17588692
3068023484
2982798785
2960218240
3405560120
3036192021
3079654312
34288204
13860189
21464095
51630692
31577721
3021660129
31625170
58355276
68786722
43808768
2924917856
58839749
58818144
2921873047
30267779
2975982998
31880696
3048050961
2986862635
54716675
2945687117
2906089326
44649749
3009885980
3101821305
3112019505
3101676994
3067955232
23266926
34776932
80064858
3095048580
3061489021
2955057289
2973085720
15724120
3039527546
51172199
3010035461
48451907
38233692
44614657
2952659500
3027188678
11378840
3047951980
47797206
32772810
3087494471
66835124
35672446
44696979
41986586
3034593810
3089883465
48294018
3082337700
34042404
23584426
3018085055
39539591
3080382680
2958551349
31829966
2988920386
3011638452
27249299
3194702663
3042494667
2992602497
22319716
2963730523
51492424
15374959
2912592383
2926097071
2840691520
2828639306
20641908
43911883
15161114
2890490224
2977818371
34942784
2965979216
2916056400
2987276488
19740282
27843599
18325209
2958530964
41493485
3069607649
3030328080
2964852576
2922918919
2924059287
37345757
3005654085
2955702701
2979005685
2945315860
19640649
3051021639
2929692841
2976565787
34132962
48582041
2956822319
2929429332
38101898
23328735
2934539999
26710025
2850590294
2917036522
30473904
3017430875
3195898483
3018804301
2930753117
2938385329
3349185153
2872511381
2923507460
32740393
3030361813
2980487423
2974398236
39723405
2989461955
2979440210
3016874589
2950953391
2960891402
46044255
2993425987
27771261
2977738742
48639604
35394738
24969195
2872160747
39391623
2965012952
3066656526
3315342715
2799084061
2944507121
2918910729
2813617678
2818417106
40670427
2922193367
11729002
2946057511
2877425965
2957182941
22715958
2988164554
2976030341
58497253
2925164704
45435341
2997241869
40751849
31822156
3036956013
45552599
2930812791
53563298
2961749025
2987492979
15387647
3181673764
36201076
3059495173
3045260262
3103477293
3058260741
46485681
3036330704
3046140928
3058354805
31593951
11728592
45207109
3033340444
33549896
45924357
20397279
2759256158
2766037129
26746845
2857445988
2897876743
31942893
18668253
2881313810
33506352
2839337474
2840235321
2954240942
22345456
47279005
3080956459
3198177122
51876576
2900360509
20051367
2896354903
18772093
2930671924
49746814
20870378
18572691
36056129
27725826
2882059313
27708710
48047268
30973261
54612991
2895541997
2830064641
2887498895
2804482612
71828438
40150566
2929428864
2864289259
2924684510
2975952279
27847500
3016810473
24040555
36285544
2857685564
3040885624
2865372698
2941545569
2910091577
2982255837
2957721023
2956065806
19622702
2904470725
2926920622
3021897029
59579722
20964121
2955388998
9352830
2839788933
2896643668
2894756870
73919977
39666214
2908181318
2856436776
2861342491
35849558
42023622
24227897
38913035
38496787
36721918
2955954060
3004775089
25368170
3002983993
34494134
2984470370
2849086179
2863933982
24468930
2907393040
59683722
19598810
2995941826
2931071705
32603399
2976999405
34322016
43029084
9544466
15353004
2974308043
3014479552
3044147256
3018897797
68028606
2987579988
2984258196
2939645208
43858472
2985404415
2963530425
3009972264
45496570
43880868
3003498953
3013961253
35896574
3017196491
2996586943
2917595401
2897631618
56758589
12725694
35908619
26739880
21656485
2920159754
31709964
2980220282
19661423
2994830450
3087568313
3001510085
33660955
2866991130
2899949240
18687711
2924430539
52891685
3005706508
3029158159
2887405878
19107994
2990467524
2965941793
3059966319
3328289229
23834915
3059584792
2983801126
27772207
2931976451
28977979
3042671189
49070322
42843319
3107634407
2978081246
2984262885
3078349074
3061377881
3186397541
23426834
51649370
3096135494
3071759366
3102639428
33145440
31687062
3241886610
3231996214
3178341429
3166652437
3102915561
3156557143
24445016
24549483
3019978803
3126653628
3086358435
52073129
3037460918
47557016
33611034
47774683
3025772799
40273375
2982275564
44755598
24411441
2987803669
69289885
3046082096
3008358571
3009770977
2954217479
42502393
3023590387
24388268
2990556855
33055640
3010245539
20019403
3036722263
3077736539
3141789886
22887116
3136313499
3026531512
23844006
15881673
76060795
3062653873
3085332521
2954990054
3053318023
56507571
2981096570
3050279330
2989629814
35928051
2998569648
2968055058
2995620922
66293566
39723643
3108994175
3187824864
3002948535
34941440
45020660
54501976
91689810
3147215635
3158973909
3105727012
43961264
21501688
24088907
3110229732
3110023380
3302947052
3008247182
48649300
3163599985
3026781510
3053715136
3102252895
3533798063
46486045
3179209861
2985551340
2911143151
43200826
2897546081
2950717520
26434455
44531496
2868005561
2878066119
2933816744
3375654525
2971505362
3338849279
2991650855
40953577
19826939
37458509
2984079981
3008224443
2947832567
31951102
47597099
2979379008
23821243
27314892
3025779725
2871462129
2990033217
31772866
3026607438
3029305986
28615388
3069576659
3038640869
52634039
23579462
3127220904
3057224449
3122097575
53874092
3067483392
3059962802
3113371592
3083897631
40722885
31511220
51194546
3062149748
3151787731
43843307
3109649230
3109745251
3101013153
3153672019
36966203
35831398
18749188
17749912
3161683136
3137745970
3170637680
16073943
3164441715
3117500411
3150515692
3024908867
19955049
43924309
3054848019
3101805766
3097232204
3059123265
44039317
2984343477
3076276223
3087170278
11974920
14701972
3029524789
47056302
2996315955
2994820719
3194455499
16056692
2893256500
23754150
46222699
2978122593
2980786395
42752874
2924712927
11812221
2809722198
2914099492
41666404
18954854
19871688
51670708
3006099871
2927702706
2916165903
35480382
2961536055
19640912
3016881881
3240286931
2924537381
2904979331
2712269430
2716288708
32933652
55073136
31447212
44902437
2515543708
2527913228
2632693175
2775019856
39830864
2894195962
2959088049
2903613324
2853078721
2921441877
52224493
2889568385
2880461460
2858564938
28797155
2845321785
3023936277
33854507
19580865
2909758290
2883379380
2914177736
3040331455
41987768
38573725
2983426045
2907664389
48875066
2953065776
2924958146
12200557
2909408678
2978907763
31888877
2950950296
2907478333
2957325834
2876833815
2950506040
15271644
27221680
45462489
43774460
40963370
3275968196
2921814962
2944827421
31795967
2968882435
2978807911
2849378130
2869742003
2970080168
2961864197
31651328
2938888758
3020466065
2974052926
2940698293
3074242126
60013730
3088467063
2959437971
56345243
39671346
3099983177
3007864354
3080277263
3021786845
3022361546
3013869237
3037960050
66615134
2977522153
2961985454
3093368585
31979596
2962758250
2961124474
3098134532
39247486
3110274725
3110954764
7561154
3084492683
3024207304
36756315
3105374981
3078728958
3165892728
33966476
3011638608
3007185858
3006059392
3071745416
3074671137
3118857457
3225363337
43125926
3131647693
3013507094
11808880
2977181790
49752854
3029394969
3020286662
3024665250
2992108942
43836113
3053204294
3035468923
35083195
52751498
3043458423
38286281
3305092575
32828497
2965868851
2970341173
23523002
3052414284
2915088773
2846822831
51345328
48575563
2931953434
2982773136
2913684309
2829555951
20636075
2880301938
2894359075
2825812741
2890702771
2862767431
2934428621
2746315591
2312523383
1765725689
1427935357
