13829069
14857590
28169513
34135016
682941232
2529552654
2540771587
31431241
31661210
2793583259
3091942725
3034538856
3045624389
2971957137
2929790085
2895551316
15917592
25180400
3003680671
56705956
66782088
45900846
33457580
13884090
15666938
66326341
2914174497
2954433100
28641249
3162373333
3105188671
3418764460
3252083082
3211176371
3218727410
3962112085
19911334
31209664
2964384437
21774645
19532522
47730800
28155540
3002178266
3069072957
31550402
3055594747
3130498966
3119058737
3127952058
3035371219
3049448054
3106476757
17418944
12219576
43020160
3113618627
63362998
2950229863
2918545687
2963873859
2901334612
2907639525
46866761
3130673259
3151664539
28194213
3040898144
3035978767
29036493
3042352877
14037791
2991378652
3321512556
39356860
40507958
2937193619
36325729
52263944
3015498226
3072725691
3107111680
3077716413
3091672751
37492468
40322886
3697206271
73186253
53232789
3968253238
3104410140
2893300067
43099607
3253600820
2933016007
2915994094
2860762002
3052761254
2916833523
3056795209
33857753
3017789121
3005768057
32874524
2936667443
2799216898
48505088
2865727163
2930256016
2853608929
2942160393
2895027499
38105952
47967485
3654518473
3000310197
35475467
19255985
24684304
3019853814
3213685498
3029595817
3075262770
3036623517
3009130146
41986481
45193219
3193883269
39918940
48661494
48522847
3169332120
4018374804
3061329407
60964164
3108826962
3125210388
3064559692
26406974
3001974332
3039252449
3019820395
3040947138
2961295659
10910768
2998647166
2988574764
2964427248
3068876774
2978538646
52270590
2950355894
2885812776
3028680593
15907631
31390366
3611213822
3047571506
32838350
2956384215
32294521
39629291
40823087
3039326762
3918902852
73944752
27869343
21547418
3033298827
24039179
49080904
27693378
3068251918
3033278443
3185462448
3181828021
26257932
3159976358
3247321970
3177142243
27213953
3108751132
12285452
20359320
3090756790
56714210
3123322710
3121775085
3093777097
3151996803
21354041
3087375461
32843839
46394978
3043944061
3029871768
3100641351
46966907
32152555
21958031
28086325
38703576
34811331
56881868
2984956487
23941574
33582750
3541466976
3148272758
3077517964
28049536
3228035165
3076036760
46620366
50543150
3064831568
3074578727
3183797240
45333823
32574496
44122984
3061237530
13999787
2866481097
2939798686
3117076781
24323845
3065674859
3086363934
3174586274
3131082745
3056489101
29714116
3009144304
59396426
3776904292
3135853004
3088232852
3097130078
3131393880
32222396
3016131556
39601084
48996882
36762941
3007596195
27992016
33966941
12850156
2869696106
2964361208
17913297
17631036
44789648
3143688445
2972559609
3039914162
20641421
16910107
3043102448
3137539847
53327603
3147201363
3142578476
3290841962
37825908
61147093
21345834
3076810050
3089347676
23981718
53362631
19271421
3043508424
3021883101
36063561
41199824
3209341214
24371109
66076537
50283269
3102741134
3107636571
20421404
2913053572
2934509589
3080344784
48810112
35971777
23359319
2997183198
2938934409
3134467834
3107493919
2926003986
3038510801
15995402
2984220887
3073728140
3082823189
3014923660
19720093
24382016
3035642057
3014345961
2984516836
3185009127
42925421
2895710976
2899060751
3040911909
2959612767
3057588895
2935032666
12471286
3252226948
3033019046
43023444
3019695254
2960913610
42050851
2917112528
2956892495
2996653866
2975769614
2859760938
2914594109
36103343
38424634
48333144
3000261403
2879182001
3000716992
47641426
2985591447
41278728
2879663379
2880157835
30209863
3009958988
3024219602
2959755063
2914023689
30826518
2968968722
24229207
2927421225
12016615
37228831
2842047728
2823224857
2841374084
2933976655
61096635
68639746
39265993
3020345880
25788993
2920771324
2973584573
2944380850
43771486
2901296275
3017377532
32014158
3472563948
3016289271
3201749210
3045360899
4016873029
3025089895
2972734551
3009071354
44604293
3037588456
3017920797
4049390410
3217275954
3069435692
18202784
36123655
43908751
30837483
3165673445
2935313051
2950655205
2990017595
3883482169
3015291863
3010540945
2949805815
3178233646
20344311
45359259
3421065030
3111899049
19494002
15734326
2933977966
3043612083
2883140371
3105263031
19023836
28548588
42202572
22137023
46704907
43985636
48764881
36175569
2788119982
2865867672
2948231914
3446014967
3060807170
63948852
3222172643
3252838704
3247485650
3333865212
38412917
3344685038
3423044998
3272215678
22682207
3221303266
3271280630
3271402992
20348564
28388870
3233481627
3093547492
3127070939
3135474659
24270188
24330256
39842155
19554450
3132036290
25289398
3173054128
3099092120
3029557860
3123831332
19598169
19801802
4155665353
3038193996
3017139451
59903749
3114971685
49377107
31108755
3101658294
3147523501
38080881
23574546
2987143003
2969223167
3020143199
31696637
3074117991
3125756583
3054056297
3078984290
3122386571
4059650566
11957045
3909776835
47993685
2991701094
3015165550
3163695762
3107092122
3047192027
3935379567
3073416704
42747015
3083572661
3072337614
3159980649
3177905053
3193423930
21524830
56367230
3264627976
3120252969
2953361497
3068022814
3111002314
32655710
37187496
60391196
3144918656
28268443
3079320666
3100265041
44214394
3068820543
46733683
85494082
3241286027
3317509853
3277649749
3264672194
36803941
47664710
3319889379
54922621
19961167
29584850
4378109087
4228821270
3253620235
3255827873
36119908
24297367
3051934735
4074638635
29515458
3015658034
41361516
14370816
32284541
89202019
3075499028
17378149
16040230
3180091899
52200774
3039125878
3180211575
3166873296
35189932
47888522
3171133054
29914221
4197142371
4268902123
3287375318
3285352674
3143542451
3168030401
3192758998
3119323339
3199278595
3118737642
3490947147
3130345507
3150758197
2904142293
3114699025
3018031940
40773538
3180179185
36041099
2999659268
2950570790
2881666357
2954494473
8289089
2972146481
2837470068
2918160376
2992180068
25206199
3105533888
3932375539
24591415
2857063169
2855285423
3013838300
19500612
2817822851
2822921022
2761597766
2777883180
2914018184
42570581
2710922696
2718780070
2761707283
2666643970
2971465518
27926185
29463918
36373536
2904637543
31028183
2961057699
2923047500
54585915
2915598694
3082993241
3151517978
3038424857
3035563644
3046589288
51405666
2976680573
32140933
48183497
3059661242
2869052779
2911186551
2934615884
21457710
50264917
3052525439
2991365635
15637670
3011926187
38017738
2983220156
3044696557
31373621
2878020484
3068362136
3026402984
2976327809
3754688655
2926932500
17511785
2977301912
24130555
3023207490
2946185521
4011916563
2893020232
3033308137
2892166813
2880847477
2938752036
40177894
3226795166
23829640
3022702927
20318090
3025742737
3028415225
2995930901
3018157776
2852389857
2923676304
2943809276
2881903636
20140715
42989245
49255272
42352263
3015114915
2967144798
3040151072
32089684
3075896734
20528184
19323002
3051101430
2935901841
3043195604
3095700310
18678307
3079185817
52207546
3371798288
12032862
31855666
3134202348
3118684537
3003306098
3038317561
3054281143
2991953389
3066147170
2944760317
3111439449
3639634086
30350030
3049832215
2992827815
49946216
3000323523
3028751053
43940795
2992699642
2995907115
36218443
3033239685
2988972172
15841383
32258864
49553684
32363742
19887790
35983573
33255050
2812535630
2882144016
3170893462
2987935830
2963795961
46527174
3017533029
27831200
3205862196
3081467021
2965372038
3061228479
46949169
24099483
3047549703
3091664830
32028973
36059867
3089838707
23926478
3009262594
2920674182
2935552107
35381308
62089806
59202547
44939065
70868797
73239480
35310242
59927755
21032404
2981116455
3098772167
45708037
3065034223
45343275
3007450901
3096097038
56407064
3997189922
35674424
2991166785
36730793
24364874
46923649
3069232829
32064564
3062580727
45346412
3093863133
2922285685
3100455821
3159665648
2936852653
3062605400
3148724961
24555738
2994587209
2967730056
46464817
3024859322
15812144
3037584541
3164792448
2976967289
3016238991
3016893189
52903640
8427984
3998853314
2911288981
2931628993
2946760860
3039484445
41776710
12140876
2981743379
2918410242
2993497800
37140744
3065318151
3137952168
35869537
3004317579
2931359104
2961167113
2960890494
26200279
3147532221
3021476408
28420798
3055898928
28003679
3022845234
23512914
2923220398
49511542
43191851
13038353
42944095
3152759297
2904386555
2909583258
3006388058
3109479805
26206230
11680594
3049604257
3074113125
37729062
47789572
27537586
38957830
23308479
3055747112
3011737052
3245966915
3033341987
3025269384
2883739425
2974033155
2912057828
3072812319
3550994529
37248968
3143749761
20074886
3056828231
3051063283
3104924572
2986870446
3053377684
3031682800
39941694
3044715772
3061836681
2970942390
3066417712
3079842155
36715953
2880959591
2965534570
3023612871
2987095801
2935097317
16045874
3008430251
3136292903
2908528983
2960864964
2965261152
2859571038
2843309378
2877249022
2887818918
2943760926
2887999276
28522873
2898432741
32181067
2942057475
2877749530
2878346412
2850881558
2867414392
31866183
2866821155
2909439725
2936904169
3071435177
49597554
31628683
31988108
21596521
41895623
3036484727
2948790604
42436307
34382321
32777336
15491529
2980409114
3012207496
12853464
43352986
2980832971
2973345590
3304421578
3186519369
3280808175
47965262
18085378
3081982714
52020403
27892362
3154963466
3280130896
3188052856
3117119451
3112739232
40245517
3118292445
3092422962
59801935
44842218
3643726503
3199335556
4029476373
51518442
44347571
3268282418
3092033111
3102216693
3083965009
3091855084
3033342471
24695512
26550818
22189223
3096354708
3296779176
3128394015
3122001659
3140647178
3034459879
2871745616
2990524224
3011521914
4042678233
3139954948
3261637875
3128865956
29242503
3068669304
24161119
32163923
44538895
35479905
34979247
3047674680
3151616993
3096341147
3139008921
32973426
3156950891
3073335804
36189005
3113485542
36021589
42731611
3133874405
3183510901
35005860
3351108818
52436774
3096636308
3178990978
3032038045
41061948
3214451704
2913707853
3102861232
3969341475
3056238363
19410587
2972217818
32277192
35940408
43592099
20207352
94279673
22191565
2935721807
24996330
32050522
44188959
53615457
30612348
22379919
2989825365
3041133679
3057019831
36257728
3984274990
2954080448
3036209394
26587797
3355234369
3006068940
47991562
3212128273
3407030299
3360941794
4334423878
15304128
3272475271
3348302146
3095923213
3112114721
3136509169
3145653651
3179785159
3064675419
3081578407
3039669131
11800213
45868395
3136991811
3059946186
3064854290
3822749365
46215285
3097223903
2840588658
66512527
2933205798
2970068913
2926090013
24515864
19165341
2919438849
23657352
2846676287
2858248658
2898218553
39341978
2926433360
2927930873
3024177047
49050064
2868630250
2992197258
47288673
3045393512
3020070934
2912607689
2905777672
32031943
42119348
3050402092
2977450877
40380418
44028932
25066583
3020551837
3006789250
2935149447
52370110
38273624
2932448763
55441812
10401144
3140991335
51539795
30359556
15780774
2919217072
2802838908
3029514119
2876820603
19180793
39749723
2887196058
2977243251
38109237
4036795154
40392026
2931881632
2837281596
2843558332
2775544724
2996695765
3041750471
2915436896
2988041693
32431914
2956876264
2973819337
2978735695
2886216854
3003317579
55986982
42376631
3076157073
56465890
2835313100
3012231408
2987467022
13690428
2952339908
2928019479
3041899079
48524047
2921214151
23859301
2994771184
16099753
25628674
2930043141
2941095861
2845179374
39202565
2980950713
2847385123
28363626
32411561
2967507842
3055848977
2885696195
2883913155
27324433
2866506224
2815593700
2789924050
2842304137
2955479501
19666835
42297123
14813888
43145713
3880462870
2774558034
51448398
45426711
31824096
2659308789
2693189574
2724259540
2933472767
2863132164
2854172879
2992571088
31030930
2980320748
50659474
3233692644
45189307
2906410770
2914488230
2916129842
3493063904
33811798
27758601
28271182
2888396511
2972495324
2938505684
2876423588
3379588661
2854007644
2895866691
3018103987
27466172
2988550153
3641403299
2986986919
2961725288
2976291643
2953812528
2920842869
2849000072
7821074
3028884015
2987480771
2928363457
2901059079
2778801668
2864883362
2950142836
41194850
3070285934
3970804205
30264986
28111987
40823154
2937336329
2915881164
2882160706
3136600832
2832132614
24883089
27593168
35338220
2923500242
2795067871
2879630012
2959702884
2959028219
2741557365
2707868137
2752550862
2859458038
2815709347
29310792
27363994
32931666
44052765
2843625090
2886587399
2890476175
61581084
2918940251
2965379099
2893547084
2973115253
3075286691
2943789667
43879559
3251571082
20985510
33998353
33272831
3133973106
3846251266
3910883147
20033839
3034620672
3081902891
3038657025
3136968805
3035320938
3283791383
26203726
3099453626
28066253
73679751
3126270903
29748464
3136473876
3097807826
3036537237
41891243
72101271
3058986350
3007616595
3017173943
49400777
2953834200
2977226688
3030766439
36364533
44066204
46847389
45568533
39708336
47363311
50137321
2914851712
2976727860
2899496922
3001517460
11176161
58613993
28700898
2864101928
2988282593
2934753933
50751769
3038879575
3096453298
3022230659
29130926
12494317
3073920574
3084645764
2932251766
3071128791
3097214739
3004906854
15953312
2925698874
24891256
33092380
3012735258
3148775900
27052812
26345784
3156537354
4246760612
3020743538
3133231679
48174064
3041075245
36529707
3119711072
30024307
3091127688
45797736
16202922
3176211789
3159242197
4051260009
3119550493
3333169517
3007383754
28182925
3101594486
3042522361
2994123876
17820255
3143395424
56722460
3145303640
3081067210
2996453631
2850273148
2849490703
2837516739
2959886357
2956119737
3112831055
2999911341
3109165368
56185589
2986184779
2812457948
2905220932
2912464860
2932364126
15954418
30345475
33451619
2991997517
2855880823
2877490475
2856853414
3028982368
44128363
2919635394
44586664
29776546
27676308
2986269426
2970916778
8015813
3074384197
3075182358
3943489519
3216227752
3326415015
36397302
3125044394
52210088
3190951861
35872612
3271065243
3172540286
3084693790
3032037347
36102081
3082703730
2967105993
3016608375
3063693279
27008946
36567718
13378328
61049145
2973044784
3105655014
35662046
3065776473
3072919192
3048541265
2948662107
57003281
3203715278
35503302
28873361
40251893
2992074926
2984169770
46925116
24178717
2989826412
3100375614
3036203953
3109116490
44132593
2978758067
2989960387
3074767655
63809600
3063180617
3202562327
3166342983
37940192
3208975936
30144836
2958727740
53450041
3040885196
2994065919
2995087061
4031351878
3118429358
21061950
20317118
39559154
3010779917
71928193
50586364
27486487
49662734
13131483
26742282
42772157
23866713
2963681847
3536147202
35951685
3242757870
3164585069
3309605933
36191660
32303575
2933759385
52605138
21352907
3191733267
3099861147
4114224210
2937990201
2971826954
3977688249
2822271314
40452679
3156018235
2946623480
3136486322
2958449390
70898610
3035135913
3060948280
18925600
2937963369
3102784784
3217655517
53954434
19439558
3196952868
24867586
24167845
3156041726
3120588245
35593673
40563933
37963274
2949518425
2881715053
49152178
2952355243
2970714859
2785537266
2997509440
2915263130
27352601
3042772814
35157276
3047208329
29013621
3905632368
22378030
2956735600
2992943430
2891813611
2995422138
36824660
30971078
2944102154
31291506
2819388564
31912878
3051154320
3023495278
57929563
3032058672
2997058312
15574217
3224676302
2994321192
15561817
2893060162
2919342287
26589793
23786020
27981986
2988909306
32096510
7964094
3125682463
3685347266
2919857288
3007844805
3033815964
10833258
48038352
21024862
2951879922
3055080845
3009065696
15214368
11904786
3169107206
3146348900
3021026390
24190856
3167321450
3030582028
3257945546
48533821
17680254
3258519547
3181715189
3131169487
15405861
28149166
3119718799
3135704583
43834889
55985644
3400282121
68149028
34658309
3168992074
4180952122
3173203843
3141019507
4292868000
26541541
65417866
3013393696
2983360609
25370527
43755374
20420823
28036481
3103940756
2927590025
2963212957
15800315
33788852
3026351493
2984836438
64940458
2961400623
64900615
3016436613
2933367826
46402364
53304571
13992402
2965912131
28005649
63141163
2976916920
38379221
2954860324
2990547556
37122503
3038203820
3171780746
2967428110
48606759
3043553907
3173400261
3009949027
32703883
21181304
66780105
24097349
3049056963
51074033
3012679498
3014052117
3087706030
2888550379
3044927565
26824979
2954948719
68646957
31842733
3024915816
2992877455
35293243
36992689
32218666
3047190971
2915444579
2800159781
2891023519
2961713109
2841893765
2956529313
19740626
3040559040
3061312963
42761867
3065309559
20293274
3046083066
48088695
16130835
3066710672
3129696534
2988654302
3002612592
3043023337
3301365521
3128636550
3031570857
39357227
30559871
3107302647
3190915529
3232813130
3811292613
3220992642
3145110431
3145286335
26240788
3147920754
3210149391
21301587
16259675
37162492
3433032029
3163257826
3177337405
3074631519
27803444
2910842004
34595014
7985461
3204498952
3131345775
20000390
8703254
35981650
4117290808
28381986
44168833
3959494921
3055993112
100137864
3033434216
46891180
3268265181
2911291781
3018065385
3062204653
3100496438
25255742
28153258
26164888
77882357
12068467
3002109576
2982301734
32998426
2884224119
44293650
3034711113
3050126902
2866278692
4077357909
3098320527
3176645170
2959121726
2888226568
3032614132
42886713
60117053
30537711
45478331
13665627
71692924
3083010365
3068846484
50094080
37639078
59581402
57911531
36523778
69653723
3062418990
3113151499
3007261013
3055551602
3130402925
3339553708
3098182650
3212314987
3157329697
3271503177
33668472
36105585
37157701
3175488644
3143435822
3105456681
52349595
3149713111
24949886
22573796
40075482
30564866
2959736032
3015809044
35438745
3036981002
28368365
45095934
3119713064
15842932
3097310526
28122481
3048095005
3040673690
3029522525
3138535909
3068346540
36313357
50637736
40071013
2973024288
3033307904
3175932286
55103855
55641885
35235268
46134981
3087599443
36580464
56225168
43731029
2898240076
2882463970
48108533
2876831450
2933623112
25040351
2951483213
64644471
59298328
56221063
2945724159
2916639549
2951483993
11916419
56307336
2993449355
32121712
24778134
28459625
2995404525
2953087763
2845053351
2883226151
2929707376
24628657
42153049
2985688082
2880579020
49662465
2982211112
2829727044
32315756
2923776575
41092862
12091642
2972883352
2884862532
2942769312
2981540524
2972425863
22866460
3018488461
3956354836
54331179
2804151206
31933218
2874083019
20927066
2954319259
2892463473
30123873
3045562311
3751147441
3111618968
20656746
57350613
34135476
20042754
3898353086
2981069592
55777492
2939418183
2900788310
3096217626
3079928165
60427697
24901745
31563003
3048612754
44407216
33375125
2989547962
13049710
2829619052
2876683024
63145742
2920188500
2960285816
2969129291
12430629
81832715
55985219
39827270
21214128
2910839109
21574439
2972436317
29197824
40100527
50355709
3982754721
3127078803
2994899624
40180823
16878221
3098684413
3048337377
3084270453
3075934347
2933140471
3168898929
3320653373
3069331395
3114374669
3107263672
58591258
43984913
3116019040
3131821056
3086372173
34749414
2974372178
24023217
3051880400
3040411094
3221778040
4033976045
31909144
3045276935
32465463
3035874206
2984717271
3060857651
2951638754
23985810
2875563612
2833044438
2873488286
2806102456
2880755335
2960880505
12974189
3015744381
3052631537
3097987534
38541583
3116508268
14785639
3183630271
4096747046
3209846312
3235062719
3162026273
3176527725
24438524
19657939
33626653
3120965259
37225028
27063851
27033878
44968902
11549370
2995184890
2995427692
32152298
30087559
75375423
24022753
3100309521
3080909308
3122032154
3076073792
3070616579
2966047930
3006745505
50059955
38073772
3130080954
2998268546
3055818827
2958746202
2890017953
2926779061
2925596726
2930184474
2995483677
38283495
24025858
3014663046
3052426442
2996737273
35740370
2878510993
49560513
3032667480
3048622536
3073341139
3045448533
2956908708
2935394872
20026908
16485152
2989205476
2973689465
16423878
42907173
2984734443
3038043520
3166295992
3085466856
2902245248
2912968640
2902847196
36343250
52057367
12638782
3042499871
3153878697
3829348799
17861632
3106670798
3024237003
2960548099
4131809866
3079340296
3118556161
34535432
14161529
21669451
57765276
53474809
3086079876
43412044
58573770
79072150
44048609
2967501224
59151030
58998717
2994633460
30572460
3022290371
32183751
3208704312
3037669391
54998915
2996140644
2906295392
44931742
3069748988
3168455257
3187748896
3152041777
3113707222
23559815
35078561
89849034
3298470584
3109409649
3027708456
3045705898
15996679
3110712137
51497814
3052061188
49591671
38545076
44851873
3026864854
3093639444
11691080
3111147039
48076470
33036998
3125272943
67154528
35964519
44975708
42233779
3117097969
3375155532
48591572
3159713180
34348806
23852388
3114761969
41259988
3140642608
3036377675
32133216
3049642482
3042320523
27539793
3413903599
3113218886
3024608872
22995765
2999600645
51795434
15644501
3071980677
2995401534
2884989077
2929096571
20915567
44102786
15464014
2965462778
3032262381
35229550
3015869006
3061048272
3048404055
20069396
28146953
18531008
3002448491
41808207
3154488800
3115103286
3036956195
3019216956
3027524420
37678346
3071734904
2965849978
2979291530
2969873752
19924535
3085051013
2988562889
3030055930
34382557
48877580
2984719655
2980969701
38379119
23597440
2986149088
28192279
2915526389
2971739956
30700715
3240510317
3863403503
3068468729
2992604639
2993163880
4004464723
2950601729
2997114183
33056583
3084194491
3013920041
3018570821
40036759
3066926292
3084386252
3142464447
3020428614
3023225793
46235076
3046958106
28039879
3021448045
48870255
35580146
25296977
3068676114
39653663
3090393464
3676943829
3974271908
2799296344
3035921473
2973324649
2860818953
2865689405
40858200
3012940237
12014281
2997478954
2945975412
3009158205
24838916
3095768767
3106355936
58765947
3010217502
45716513
3057076795
41025339
32084786
3114117803
45799924
2967055337
53809951
3120567426
3057115511
15668110
3648875438
36470510
3123052250
3150553272
3145950736
3195038238
46757203
3072131112
3246543058
3113598650
32009992
11970924
45473401
3219608365
34034202
46379922
20709402
2806901297
2827577552
27149009
2939720276
2980901301
32234002
18955783
2936222373
33833368
2839623157
2890008632
3021436074
22583702
47458976
3670677008
3832867777
52152084
2980473560
20242132
2986896531
19075485
3020378115
50050145
21177753
31719956
36309808
28012722
2929475204
28019506
48320747
31288357
54892916
2952027485
2913395983
2962260157
2885827111
72294265
40423557
2929649562
2902857391
2976262181
3061517693
28194121
3095068659
24362800
36586367
2857965156
3089600867
2935185707
2987975415
2910413714
3047899752
3015488923
2999471546
19901029
2974208398
2927182570
3100561017
59847949
21278099
3028305106
9645682
2840068573
2941299513
2967770973
74272950
40032440
2985503255
2900151907
2911925368
36156231
42318460
24449476
39214569
38668850
37024653
3020763719
3065495160
25578449
3062257310
34812654
3042389088
2920433036
2938360717
24741726
3000114001
59960300
19909035
3090343189
2931408802
32825629
3049875690
34631385
43322805
9756548
15701859
3024792250
3055219445
3145773202
3105810649
68297058
3068256204
3018709318
3042782926
44146232
3029236962
3029365055
3035253139
45757824
44175770
3065128751
3091873362
36163277
3054984866
3051651702
2967265602
2931297361
57189890
12991851
36223041
27059205
21937843
3020240838
32008322
3072854045
19965475
3048619526
3267597591
3056324161
33955271
2867269083
2977319666
18954083
2986857071
53211134
3046843592
3301794341
2887670694
22723249
2990749870
3051155887
3121414975
4010469899
24096714
3145098628
3025469344
28047989
2932220891
29306610
3113605705
49368190
43135501
3273540304
3062764692
3080954684
3137216927
3131035825
3835874109
23715633
51927757
3320593389
3137645179
3169846679
33421746
31967610
3303085447
3316537978
3356903645
3243452127
3191788386
3227085741
24734109
24813045
3096782110
3195537131
3163145743
57953325
3111124006
47845800
33888162
48027509
3150376339
40573943
3065379236
45071388
24709803
3063058063
69576622
3122946752
3078461219
3083763208
2999688175
42723439
3060625243
24640319
3132299785
33304396
3099679201
20262713
3114051785
3151828540
3190319288
23188179
3227571525
3111274108
24186303
16229817
90160328
3151944835
3189745523
3028029879
3099879751
63662346
3090755001
3110884666
3045609491
36214642
3067096191
3054045105
3053745480
66528658
40004132
3255232774
3642199507
3092216898
35145191
45293662
54855096
102535982
3842246484
3213968083
3160725919
44151149
21796504
24393484
3361297777
3269351042
4032077942
3081506452
48946127
3227464765
3090223639
3131401771
3168926519
4265399882
46750159
3222328719
3040425545
3012490179
43493493
2897851819
3039934748
26712340
44845572
2928516733
2928921276
2987557387
4056796690
3013843084
4057239771
3041758098
41215783
20048292
37772716
3053743662
3048596663
3029421335
32246543
47856946
3014500817
24091906
27518771
3089551464
2963966841
3129767336
32005694
3076913720
3089168333
28874666
3115086211
3141218196
52916921
23875917
3226302225
3108883324
3276259820
54161601
3120624321
3121051324
3178067293
3180703463
40989114
31788620
51487148
3126602102
3232379412
44147735
3194035815
3159609321
3102350140
3204671467
37374020
36124481
19050391
18056434
3232915007
3206888659
3217181079
16339713
3199801663
3240738375
3196802927
3096950673
20212010
44189737
3153293943
3102184142
3146361769
3155658796
44307120
3113133687
3150507072
3137884995
12258269
15014243
3076822664
47265815
3141999091
3048889531
3802562247
16335500
2893532935
24048084
49757286
3024955375
3027425331
43030630
2960795104
12112907
2884426467
2949530518
41971241
19177717
20153290
51945038
3067686746
2989569339
2974811393
35738615
3197884804
19885273
3107981911
3937754971
2965008361
3015325478
2761921882
2755526201
33385175
55362532
35310204
63234697
2585872767
2640668257
2679175324
3412655960
40170246
2949853555
3011181264
2959744320
2867884273
2953327376
52618960
3092760565
2950328066
2930011015
29052899
2936847630
3497712608
43905194
19938792
2970517626
2949015117
2979339678
3122027002
42197897
38751726
3029410677
2952211159
52794237
3073187098
2995045260
12451776
2977461969
3014640242
32159115
3012638315
2986464967
2996408641
2919537087
2999732443
15480795
27425612
45634641
46459929
41149532
3925005654
3003460086
3001998226
32049460
3044190469
3079626032
2911050382
2913164771
3047019030
3010441500
31859711
3188890194
3109336690
3018735437
3049866154
3209047558
60344624
3132495611
2999151047
57013079
39938963
3559850687
3084362811
3133907332
3093308599
3108565256
3091640142
3095833160
66873854
3065980277
2962249631
3143044042
32323914
3023933711
3030516693
3191657336
39467981
3545339195
3162774376
7840826
3167227821
3078863837
37170133
3145607564
3152814744
3427487884
34210109
3124295832
3076852236
3115756342
3127894267
3134765751
3171158538
3842974480
43389511
3215284552
3064526491
12107143
2977481386
50026533
3078809232
3090389724
3069410626
3057311825
44091886
3103237042
3142612525
35399703
53003773
3092476556
38549717
4015261853
33105903
3023696192
3035663401
23738309
3085163119
2968459729
2927986314
51602814
48834803
2932264438
3023688332
2960814349
2910719613
20874213
3104001592
2935852214
2869966410
2956767032
2897829863
3200856597
2770298397
2332766834
1774222885
1443940809
