11887739
19904401
35004664
15231571
593169739
2237129520
2263903938
24230485
33736960
2773784314
2944179435
2884424605
2875409484
2922139084
40576269
2975079761
2949250268
2931117753
45675384
23064298
21907515
10922053
60895213
45214335
32602055
59809201
2876780269
2991560341
43609693
2996016189
3076030218
2977052146
2982133152
3031368057
3007766471
24106890
32925819
3266480890
36068058
18810015
3015472763
34849960
38914019
2957569717
2952519276
27212773
2949218559
2809145647
2836365213
2921483808
2855824437
38602904
2951397352
12470579
2928520776
36552225
28209951
2971310806
2963167826
2970764221
3014919858
2886635134
2904302188
27870636
3056644500
29756972
31394457
3034852914
35827411
2991087733
3125617469
3109185083
3087198938
3104984767
28807691
16634245
2924695178
43890191
47742662
2771702040
2839121839
2929881427
2957131527
19021732
3074627237
35901017
52084324
32053657
2963915464
3392821882
2952817336
2919452282
38811758
2946255538
2903439712
2934728226
2908328117
2917569934
55714249
2922358941
2953092312
2991945735
2999688931
39659465
2927615401
2892245511
2864549522
2892307968
17364223
2989791303
30399171
27503576
2921904142
3079799567
3010450495
3012640586
34419452
47117189
27508373
2997270135
2943337237
2906850249
2962019521
34845768
2934828140
2954818629
38365678
2905183159
39362266
48179449
58065259
2943648950
2914849910
23118695
3375197875
2996453373
2946251264
3053030843
41048838
2973178076
3009732490
3033914229
3068562117
3043890903
31928506
2997192209
2979870107
2875700748
2915286534
2971222366
2926085368
2963330899
34133817
2994648090
32241942
2984007724
47640382
22776048
47659001
3111326415
16205874
39537417
3014305846
3225935372
3050066046
3035362164
57935563
20186842
52283816
47821795
37426614
16816703
2893210495
2915825141
2912332757
3085499521
31846636
3122963824
3055826217
24021716
3091257220
3083455360
3147347058
31244142
37273193
35204016
3069366665
3098354712
3047883806
3119574793
42383685
3186861444
3062813361
11621177
3135764087
32828789
51298997
39082561
54167734
3082896897
19829485
35463806
43752802
38456450
2958373659
38762252
39767465
2981597420
2999428605
3020818385
2905355259
3024597811
20979123
35676272
37976395
2812900303
2808159387
42162242
36063351
2889915555
42159479
2924409601
2804231159
59847821
2956337257
2834455750
29675876
2987408165
2845772897
2919193065
3143287732
2965586967
12909036
3121344015
27803146
2901072970
2947103896
2906086874
2927166489
2897492423
2908537924
23502190
47952865
2979749530
24280007
46761698
13258415
27402733
19488809
2971892713
2931754462
24163019
52463792
16007594
2986508323
3036055488
3011257444
2970085613
41225349
3013674398
41785857
26763913
2907694182
2923603634
3037654105
44619082
58910287
70910119
2962614970
2931068402
47729900
13068657
31493414
43793759
2941608201
2977211117
8099543
3006767624
3004709886
2996454708
42417373
46481445
15686108
15630747
2979038663
3042944389
3066127312
38223750
71807909
41691545
3116187213
3030570516
3032753077
3026438728
3033123092
3054182307
3024485807
52179592
3079348578
3045010076
3164335764
44966628
31638566
2971839413
3020544214
2878916155
2962326248
31564798
2866493724
2898940204
2962501377
2951267221
3032940370
39033239
3196017749
3152745996
3143360153
56489886
3157902906
3158228020
3164277300
46107556
3139043734
3125785673
3040060583
41457148
18469564
3138329897
24625472
3035937404
3004079661
2891218627
2942418766
36688098
23722941
2957744204
2901782801
23136860
3008908297
2939610236
2937159046
2908754500
3054083620
2982320544
35802984
23767088
3064817994
40408125
29639926
3029221639
13257869
2981325204
3040643853
3051827545
39602458
3062689732
43117768
44783679
3021066337
3022859331
15694685
3019605404
3050356212
2983763131
3120597834
28060995
2980173678
2949287559
2997852373
3399893510
3007278682
2981399112
15373997
3041232354
3248628497
2997329303
2934160161
2991647584
3001244266
36244231
31113524
27913492
57553311
3038057668
3098925342
2835201272
2868884814
2911329500
2795055689
2867593474
2822281893
2981517240
37385171
67775974
2925706510
2965490390
35702763
3024711318
3015561885
3077211178
23263413
12240916
33600200
25738937
38241094
31730224
23076161
3048116967
24854145
48104942
2944961062
2896384146
2962430585
3083602679
2989024134
28848042
2947574734
2956985203
23846178
3051302107
3137773013
3098134375
2898387008
2963164534
30134889
3012942343
2856853603
38081659
2945600840
40108941
2968682809
2940985550
35200607
2948266928
27897366
2997479857
43074612
24155750
53420828
2905943928
2828546464
2852933059
2884159556
2932114739
42655046
25666496
2892943229
2790494903
3304422209
2837465693
38742474
37785765
31825919
2950207290
3054105372
24103715
24347235
2855923153
2877987519
2943711604
35752898
3030472874
2917107120
2952112179
3040365940
3026963071
3359455856
44782163
35994414
3122563747
3118502662
3313837710
3136790657
3202453530
3387498396
3117010010
3017927536
28705749
3051878761
2984771525
2928153984
2920494772
3028575053
51932431
48974824
2978523500
2929903161
2787045943
2855272871
2928422292
41188054
23569044
72159369
2908548026
44909961
2915727605
43883387
19825162
2854836797
2834775422
20688498
3002275501
2972580666
3035213639
3087269770
47411793
3013234976
30533561
27636939
48170820
24013309
3308620583
2989455183
12181509
2935268172
23464720
3287871779
3033278020
3359996665
33709893
40967284
13415353
2961259189
43439774
35369195
2904105940
48173054
2951995811
35881467
77212695
2972600320
2972106255
3106630745
24073678
2931265388
41607378
47845848
3409926974
3102576068
3425067202
3121258944
3181942031
3139436227
3153612348
3022437485
3100459347
3098382723
3145865107
2939529213
2893983738
2940614600
2820082481
2992191831
22988998
3037898363
9564877
2861130143
2915930163
3011454489
2933992049
28969696
3019699451
2946931384
2971206112
3075944175
16837771
3062781489
3428735427
19867201
2946176084
2948659375
53720400
3033266366
3035283187
3127342892
3077347712
3058288052
57870024
3122538358
2996456729
3031598878
3075712298
3035377525
3174447642
44552828
44572081
26334631
3144794789
42560861
2970164183
2937120514
35743393
3010829821
3078105399
3048129949
3113166468
3055011543
3084399029
48056045
3082903525
8104819
38410691
3049859505
2994234671
3076919806
51394292
33820812
3039903149
3083982682
2989614612
3105308061
3014920907
39182704
3071706240
50517024
40223996
3041049514
3223921000
3008795885
2976381036
3091297227
3148401836
62332425
3022717523
3034129179
3003058020
48273377
3372398177
2982220078
2967859438
2988389930
3022545027
31977291
3028704849
2939880172
61021901
2885166876
2875433612
2951154103
11158161
2948019904
3002094218
31584621
28357016
3049412094
3008038998
3125309315
19549538
2964792526
43232373
3024797166
2928910823
2889745737
3007077839
12322931
11439052
29564654
2945633284
3000956664
23901054
2808954269
2812857960
32228288
2848824211
2929576009
7362354
2902580423
58481892
2891069028
3034087930
2935155321
2828746430
2948753165
2838290023
2933862156
3050927181
2932093163
2895604169
35833431
2944914280
40048452
2918789993
3016458697
51539367
2979388338
16243059
43981005
27843545
31672780
3031446681
2984394624
42170591
31743442
53362143
2852608712
23632974
2812162803
2845618181
2884153713
2934306829
55693423
2918321581
2935007385
48237199
2907249688
2931011946
41025931
2915694386
2881050022
2849898120
34717607
2753786591
2838845385
15927984
35644555
2737981748
7573538
2657151637
2618846702
18743501
22735163
17875588
25484945
46191812
38842054
10910553
42115154
2427210724
26292950
2431870657
46913165
27629117
2590777816
2598208578
2696508175
26940551
2662312647
2654671756
27712401
43842173
2786645309
12316917
55346486
41175142
2827940995
33358084
2882643497
2857917471
2987342090
3032014847
3091707068
3060242845
3049964720
3002128237
2989036341
31611648
37033355
2984843184
28916812
2948245991
3070838018
2890365304
3006825244
40028545
3013655791
2823910345
2888229239
2817051790
38644470
3378684542
3019689476
55882518
35683655
2994449128
2922646097
3035884902
56683408
3020862099
3092075399
3104543084
3139380328
3152539344
24254673
44988575
3128829263
3020566039
2997671041
83909453
3147238891
3090207260
33570736
15577325
64281284
19578987
3022505323
35584582
56172671
2953083474
3049989135
2998052538
3073536889
3138873103
35613824
17606445
3072962122
29840864
52354030
41023108
39836162
3106512427
26797183
3079130973
3064894064
3012679362
3102733992
3054946601
3002246648
3060713289
3047706473
2990379367
3139294282
2986311152
30525309
27709603
2947756314
2898330856
2950848574
52686984
3041233969
2889809288
2959881629
2938723105
2974633942
2909494988
3068082598
2980100958
31619241
3020912905
2885521607
2947980234
2927093839
2947975330
31685185
2942367338
2983718350
2759511373
2748638953
2759294954
2808054902
2805304949
2802593548
2822758407
2841458440
18549005
2933958073
2814252531
34613739
2802408305
2927783054
2907414207
2897817551
2887612349
2888238365
3007807061
20902222
2989474973
27732645
2967269512
47303397
15996609
15627984
34651212
2928012870
57400444
11593306
38963394
2861008902
2943278436
2864303160
18734328
23815643
51346067
2840982054
2880211081
2925006747
2985806651
2968228279
25230539
28561298
2960375072
47661325
35398046
2992420900
2952570957
2994638414
3060970286
56277848
2990511993
3023582425
2959752092
39830285
3026478730
49530022
3270206192
3020881524
25539771
59632692
3077705112
2937235702
2974279240
3070600605
26943667
2966535330
2900303360
21859930
30502927
2805617200
2878407548
2991257576
3001943579
2818423024
2889953961
2989963795
2924251956
3285843342
2986522485
3012756923
2946559676
7806009
2804271985
2766006614
27931468
50609627
41462056
38906808
53474327
2711947100
2737894201
2790044500
2784063897
2746324661
27257304
2872187561
13951733
2874320401
37281832
44115266
2924259818
2971163266
63079309
2847868289
3016012264
2976460649
37210718
22239110
2856951931
2894401273
2720415814
3158371674
2881298093
2962084959
50630414
2893074495
39637785
20520948
47860724
2987424435
39941636
42246020
2907714274
44722887
44350673
23157544
35516958
27862936
2892199506
39319692
31876306
3237669330
2912070330
41314459
2853168383
2778094618
16914913
2905648154
2943146885
23598716
2857661193
2895994556
2954104840
2945661873
2930722472
3369382522
53559902
2857873686
2894622188
2913027083
2880889290
2875871669
2909096049
2949519873
2800331060
2884878188
21357626
60576141
19510836
3056288708
2954131116
2956698572
2906805974
39379376
2859348306
2860283570
2842395562
2915703002
16593089
33322790
2892466423
63650372
2987019051
15714149
3008674316
2966508162
3013349194
2994533434
2906153461
3047650020
3021092313
53294890
23948122
3085478589
3091677115
3029255905
44324764
48122459
2895471623
2940562058
2987511609
44417006
49207927
16380134
2999352340
2853439288
2997946201
2828711068
16105553
54497733
41061427
64375887
32012923
45132867
2950747047
50336496
2938100012
2952914698
2984889254
3011544677
27803694
19944177
3152767238
3441833668
3095548761
3041748416
2670375783
2636531582
2280283453
2072112795
1940702054
2107976587
12077148
288614331
8215775
1563223919
38114201
1832937063
1824590293
2394162317
2492512399
2625515280
2520361803
2545622996
2607644428
15972244
16379392
44310096
43071572
2697645174
2683955787
2755052082
47786040
57389966
2866103725
2858449164
2846897525
2867392912
29349106
2838542855
2929235494
2838103152
16760824
24283579
29208400
58495430
2933017459
2825507993
16315687
2878060401
2841820193
2765104375
2798907727
2885752878
2849669027
32405167
19796107
22382578
44697918
2941906060
3223514107
19717410
2911931931
19460078
47749259
2970381633
2913156365
3081330878
3028433691
2914119902
2931735327
3038614521
28565165
3035211912
60180753
3003355058
15739473
2961521233
3003024377
16868745
53915205
3144195128
31480986
2910189339
2848374808
2796045707
2823257581
2770082453
2900649520
2901440460
2865178794
2959745986
3066257919
22302830
2988110745
2983948387
2847349431
2854543953
2948647654
2995716757
2914792939
2980475328
2951269410
16555816
2981821743
2915176315
2925436403
3016610659
15700488
3018805444
3067538575
3448812119
24226564
62614247
43090948
2830036136
2728265329
2807169477
2960721963
43449066
45084843
21613440
2886828965
2854662768
2794570962
2860627418
2883536427
2947712055
2631809937
2652799762
2654708819
2713547330
40366222
52938993
38087005
2856606626
27698233
2732783980
2819747774
2900207091
43949953
2852875401
2886489435
2781982814
2787628424
2850997539
2917950529
37590993
26220290
22494821
2840146526
47071678
3046164018
3243020476
2944699709
16741784
3015011641
2945904341
2776235707
2863680152
2790376851
2996184752
27989854
23697037
48549116
2878745281
2794559229
2837668952
12604653
2881809834
52388060
20130591
2836960789
2886478611
2884149518
2762821188
22916468
2816450964
2810214878
27462459
31742700
27723437
47169327
39314052
57453622
48748530
2847749842
2791593719
2746289861
2817367000
28369235
2825721542
38088135
2815397234
31248880
2748823936
2902193186
31407129
2864490250
2815115558
2892066729
59570243
51998291
2851919208
2894355653
2797495731
2887329613
2802233429
35628947
2820425836
3049129972
35330565
20489868
2883102630
2899261947
60232194
28692059
2885874008
3375590382
2958283004
2930576028
2992498029
24276411
3007100693
35950768
11826572
3008626928
59656591
18038648
3031875401
3053301823
3010638173
3231130097
3009319490
3091323822
32548570
3063603636
3038540272
2902339029
2980123682
28925025
39771148
3102452280
2984885792
3029538010
3011996297
2966792724
2986332630
2987358037
3130549728
3017499776
3058918049
22781030
2993753414
3118154286
3055155089
3113852142
3076329797
3165154162
20307052
34129575
37239588
3043232963
3068662418
3060130672
3060825285
3156221046
20971729
3055390529
2910878927
2981767625
19698365
31604686
3001797896
29119548
34657759
2967056203
3239596042
3038149469
2969456397
3011267265
31815286
49837854
40513330
2925050236
2907879273
2939621788
2913990123
22522742
2866995201
2925266211
2903068580
2824004204
2864414313
22863415
26625492
31821231
27143988
2999201493
2932428529
47414598
2824208128
2835600167
2911050916
41715358
13363418
2943780801
2907297444
47039138
23334855
2800926317
2841876899
36015796
42978697
2996944613
2847799706
2921397365
3046632681
2988307058
2945314259
20307655
25672983
3040974196
2941648187
3001260416
3075256793
3060127927
46223166
2969147478
2934451088
18666006
23707054
2982753052
3044178996
3044641139
21556906
2983576340
44859597
45064962
49306978
3366556789
2794487256
15721531
2793921808
3111268709
37674695
28331836
2871029115
18824329
49107397
30750297
23284029
2934927822
21940317
41294735
9585415
2817038091
21910395
37265324
3261710421
2846234001
2898868728
2876396181
2887760256
2955925635
35859735
3270738379
2936471226
3073571690
2870071883
44429223
2810002776
2758173403
2818551739
2811580346
45271080
14796445
2888362176
22965170
2977623728
40079552
2899266664
2963543124
2961378931
31703498
34802876
59825298
23066912
2725965994
2678235973
19894544
2697139635
2704301123
2789123300
2672560250
2839801910
32499837
2925242861
21246867
3286739124
48094621
2908555695
30188444
2999252138
2962035254
17285975
2911666297
2986698952
39147252
31749893
2900856721
2981317339
41435067
3020286855
2958833289
23687836
2947756199
3001768385
36065492
3002368955
2992867129
3036434311
40267212
19345758
55876290
2976137776
15561969
40031317
3036033441
29675488
3120826591
3284855301
3054854441
3133820632
3081508869
48047989
23577540
44084127
3093963006
3132816794
3035066305
29603031
26760463
3112256742
11777850
3074827511
3120563726
3054893896
3087499868
2971200774
7922979
41238265
3028532004
3016875527
2968662988
23572247
31498927
2986839080
2905698225
31814400
2898823394
23881826
2952056460
15472221
71645661
3372581750
3322050643
2985354672
28617150
21457638
3011808361
2998670678
2947264925
27158479
33436612
47758394
44905718
2835350221
2808158509
2809234451
37218804
45576484
2904060687
2985382513
19471094
2914317651
43749083
2933109157
27960580
2856705157
2870169053
56358459
50216458
47192007
35846143
2942783373
2915591363
2927162306
15561757
39715570
3006897327
2953217749
2943411982
23840682
2919342817
3025075066
2956579352
15728928
2969474445
43157628
57998540
19428789
2851625038
2878572916
21575691
2831288388
8939805
2771017086
2870139147
2965712788
23991164
52401754
2989134769
3082159376
65636574
11934426
21500036
3073960700
3100755925
3089262217
3110901575
3219405632
3160496784
3065490172
38497183
3189875312
3163562215
41848495
3020964885
17275364
24019748
2980247227
3119538339
29924818
3099940807
3038490386
3083176005
3052229663
3050256669
3177232770
3009920530
31312046
52895331
3197701287
3044988224
3035559929
3156002291
3127387069
3101082459
3099720717
3305287056
40359369
3081987780
39983806
45729924
42567433
3124776285
3054550124
2947052984
19748346
3028051915
3014857349
58030980
46578581
3088245757
3142472195
3290883059
35845132
25957171
50774472
77665922
47513140
3166670650
53504859
2948505497
2993194836
15736712
3045673192
2951316129
2890645274
2962463527
2933342176
19142940
38526880
68954397
19361160
26585919
24241565
3006598087
3025629205
3048519189
44675115
2977588028
3044027163
2956314033
3434040851
3067105321
2951373184
3027200251
2946868820
2947694236
45177342
8652851
48147310
44730206
42791027
45621937
3027538910
3019984645
27216425
13767001
76057099
31836456
38866000
36362609
2962499433
2945464804
3047271806
2943718119
2969589195
3037763634
2910102990
2916655605
2938720803
2960153642
40284675
35662990
47980586
2893158321
2911422115
35655518
3005694816
2980277334
40039999
35946701
15648820
39435942
2958153518
44160464
2913752005
45222558
2925872414
3047240456
43341552
43175897
2936440491
27211394
2948729965
2813260163
2801444490
2896682601
2916852056
31324021
39601925
2943883231
40837542
2975564350
11610685
2869616836
55761850
2868176752
47259102
7490641
36667939
35831139
23133500
2916893596
2885066477
2755219708
43868083
2789880696
15467199
18362927
2906139041
32656615
64026453
3027320261
2903710889
2859810128
3073959577
23633842
35979438
39460206
32990155
2939478212
55127608
2918407389
2844474363
2962596287
2948050737
36450955
24423930
3006816261
3081721193
27901370
3148827021
2978655405
3078396060
2948074073
24331270
33516649
49876224
3028013335
2946761081
2939045659
3037544920
40501551
3400486691
3007656203
36595433
2928769661
2806671121
2954103065
2865282078
23762443
47401606
3023846743
44546751
2968358626
3138613901
23540263
3190569548
34576086
31739038
35436022
28455300
3079094986
3022265057
3044418807
3034942208
3054587668
28071391
32011520
18627076
82355955
3160121433
3081313642
22746835
18110239
3047010990
3074043348
3061782662
28766947
2878905451
46081046
3021416858
39652726
2940830164
15804218
19558524
27774965
41044636
3034738373
34190444
12144163
27668863
2993701668
3328115636
2983977576
40254611
46087186
2960321502
2778790329
2844461657
3057414644
2885290561
2955181081
3051266816
2902399659
2898090888
2875310457
26244592
50373999
2850451916
2859717986
2890099837
34992584
2802049534
57155457
2940899719
2977305074
2949266726
14635878
2886369584
38892458
2867589798
3284239670
2791102863
2872347707
2963096140
26744283
2886690568
2809376792
2882829623
2873809507
2890483832
2973275734
2945129069
32897996
2827562057
2799406194
43206904
3221937988
27293718
2906948444
19090361
2852246679
2895749762
2854907740
51569844
2928954417
68799511
2845117062
2895712053
27922177
15922197
36540303
27592562
47789060
2907798601
2897093464
45511262
41853911
42669684
46755178
2901540073
2906207411
3027717046
3020289929
2973628193
3001257400
45111067
3115809118
12140573
3042511728
3129884393
3053617568
3055326793
3042791945
3034712279
2970794771
3027083245
3018862605
3061881896
23735040
24955839
3036447072
3095596909
23851740
3071852123
28137388
3144215127
3151547295
3127212031
3127625538
34653040
3062867123
3068547312
41061182
3168402640
3063909883
32733520
19635068
3057682313
3025414001
3045632962
3011558635
19180487
2926223050
2845062951
2942099068
28696563
7605723
3025319397
2946082030
3189703717
3000009841
23627677
3429262874
3034678100
3048407052
28850002
7800233
2861344081
67863247
2944919049
30952472
29259155
26897318
32930882
42717584
45681966
2941879354
33301932
53588067
2920577531
23751712
2927163547
2870088134
2942932087
41738683
2906090007
15761961
2958928978
2923581286
33356633
3030524431
3010661105
2886629859
2970541829
23346990
2928440836
32564286
41441453
2823012349
2923808607
3013943886
2982114356
48438836
2917740972
23971297
46516580
46943193
2974837203
18158254
2975873190
2952139699
3009236080
2997835278
31625211
19461694
39348492
55103882
27738405
50395830
3040375597
15668003
3038667018
18796879
3100753570
20000055
37172892
3030718799
35861578
3075026390
2910172275
27982827
3023326738
2996671529
29152925
3034276821
3036476896
3135298150
3000507811
23907422
28883235
41256955
3069872538
3007731892
2952892070
2983415352
40088939
48829287
2863775676
2894795062
19359463
21488102
2925819436
32184088
2962572005
24025639
2970240692
22646309
2991528581
37903139
2884981567
2955137342
2958514947
2889308357
2938646962
3047332737
40882209
2913487364
2936763929
31110977
3010433196
3062461095
3007193199
3043919005
28084918
60688209
3055791455
3043315948
3197411034
43787361
47782357
23528235
2987350943
3043039217
30644963
3245268248
3020938411
2915016513
2969857592
3518868677
3015786257
2939517809
2948489879
15706167
2948463492
2910094823
43771374
2995868629
3012752011
2899818982
2915830361
3015116281
2997076279
41854960
3121635589
53483752
3012144617
24749822
2970477115
59905468
36890832
37023178
3009009478
3140331496
3453571403
2857173262
2871820583
3016075787
2939815676
3062491115
2967390965
31490052
3017838317
47091477
3047268592
2953269420
2902630912
46528288
2996121155
2995428771
30718091
33630059
28156602
3042456802
28111564
29989000
19415350
2971566251
2937887032
3009569906
3036623828
64938323
22974491
2974724807
2928193230
2993177082
2965068507
3004854618
28293202
2986471466
34688761
9819411
11942343
38912978
2944685751
45331886
2881978340
53453640
3095382028
2992113352
3041223787
11911023
2984573032
3032541796
43823668
57005943
3043925820
50687827
2935523510
35906638
11815326
3002382316
3309166916
2953824619
3151439912
27514195
38318184
2923553895
2961675145
31526819
2999101695
35541016
7313851
55040902
2988354502
49403838
50957050
59684491
2996337052
19674766
25254617
51805204
2869647266
2834054828
24362048
2856594461
2767608913
2756117935
35546253
2910710859
2886421067
31327428
2988882027
47870632
37751236
2894330843
2866326067
2994957434
2978951563
3038154401
2926259643
2955078906
33542023
3043473721
3129556167
2987939860
3069776216
2942721880
28182703
31220429
15828194
3000881913
2916577965
2923930815
27883506
3015938363
31240318
2960296801
20162817
24175907
35650662
2996193146
15232460
19694403
26829257
2932389651
2937435280
2961409182
52747897
2927228406
31628864
2854479116
26321365
2942489197
2899567944
2979508015
43860894
22256908
2785336493
53073874
2910564667
56410141
27059916
22306389
51916885
2873358931
2917406120
2842933688
2911600033
37089768
2939534737
2882248158
2831462338
28160670
2740436959
2870923942
2792703357
45378213
55773974
2952446189
2787928501
2796050928
43024736
2926020589
2780417608
2824450815
64657241
25884746
25467222
21865973
2886979126
35347770
54410350
2858500081
35752613
2924580146
43475972
3009981742
2904484696
2914555732
2998686543
2907754358
60778295
45608256
3030087807
3089870368
3154654312
2965908311
36851660
2974875741
3396381208
3189976207
34232086
3191954321
3201933536
3090559001
27689144
24795652
3136483576
15820442
48423942
3028015645
3083410099
2998176449
2914311285
3144752517
2969457501
28385465
40719683
3108865961
3014622336
2971442301
27472883
47922947
2959075996
3011854200
3032305942
3001221554
3013913229
2957288515
41470724
47556278
2976621492
3014679187
2957220094
24511180
2966008764
64240390
52218235
19539625
2978027102
51897147
2980537533
2932335484
2944682383
19823524
42689301
23384721
2978621962
2964915969
2952221718
24395469
3043470481
3006522559
25681181
18647553
3033215447
52239286
3050810567
2889843453
2787264735
2847628962
35867574
19533733
40452186
2973395879
33155114
2920350420
3029440101
2909072393
2886634341
31678642
2973590116
2980348058
2888997075
2933762425
42899058
3017895959
2988925925
3085046241
25189041
19511241
46738112
3054813602
35645409
32255468
3013481004
28487946
3173659577
2981965344
27329606
2982094366
38581043
33741266
3139570833
3036524267
2976744077
3298359594
32026488
2948031650
2945747360
2963889854
3383771317
3079027161
2988039862
29987357
2999724425
2913692055
2842539085
41369565
2849455957
37805336
15472570
2947229911
2932629381
3454881714
2811757580
2970392660
2946070445
3244624097
25415414
60121946
2976409920
2920435219
2909069390
25438367
31921992
11376797
29939715
39448550
2930086446
2904773987
2848484842
2906834523
35758093
2948059614
2883717656
38817827
2917700316
2888165646
2959208163
27864026
41259618
2981998256
42273292
2944534605
2936088177
2788355272
2821848591
27639782
2831487733
43518912
42191379
2871204458
2857980061
20589414
2897435245
2930082495
2946709967
2925417997
12187503
40393911
49173983
64098151
2956908399
2879222214
2974727122
20614298
2863706419
2963488831
2884600651
28653731
41995835
2823024511
2857849898
2932648038
2988981517
2980486194
2994122646
37292089
2940031439
2898901054
32397555
34253722
2725586721
2901975635
2820360426
57643901
23937392
33714573
3021738972
2864207714
43710295
2969789926
2968244814
2957531089
27642898
2970277958
55536105
24614054
2949743580
35753239
34821011
33733872
3001856953
3054653091
2972071296
39990745
3128567885
19905057
3265248271
18682349
26535781
3132231556
3112746024
3108586190
3070819038
3043333573
43619135
40437606
3135842024
3155071694
3261800241
15652761
3054063558
3012392700
3146296165
3150497138
3083226736
3119478180
38731760
3102631897
3076892744
3139616273
67843290
3084059482
3371945266
3128064046
51854860
40723956
3150567244
3178066197
14339807
52265329
3205469809
29569678
3091293442
3208782444
3149994356
3141084574
31885596
3111099111
3043135785
27846696
3112246567
3035610175
3061509087
3093181766
43287926
39463180
28726191
63365557
3434097291
3131339293
43090157
3106729822
3035969645
37773667
2989981265
2999519882
2926687137
3020161062
3016835212
15208040
2940720849
2921547286
2990504228
2963226021
2974478793
3016885670
34532537
3016365955
2901839154
39912958
33710461
2950886367
2878099949
2916285137
3113077036
3013996063
3007385530
3041368983
49219840
2960879021
2923879500
2968155771
31614936
2887050380
2905444164
3051387521
47455270
3026158394
3041403447
36508127
2978107279
2983021014
36100433
2916957426
2847005291
2972102002
23153782
2905537976
2863738884
2998168563
2968178072
3085406464
2832867046
2903222431
38505009
2923153896
2908885869
52489981
2854482464
43474999
2956686701
2879663303
3019525378
2968414130
23941423
2951093461
2922152120
2889939974
27928685
38421546
40418494
3193968444
31222839
2895317268
2901835805
62191655
23305211
2992694441
2816231266
2807164766
32228535
2859320505
2963744276
2979640605
2965543829
31801737
2936545256
3022689679
2964120071
2900176968
2862058727
2722009855
2975651764
2095752523
1628317472
1197251071
