12154986
20182418
35319939
15420266
642695302
2266699399
2329937357
24529465
34048361
2773974678
2989636192
2926865680
2928924250
2981407516
40750991
3025941373
3006483223
2952049879
45956239
23243560
22208942
11151394
70072789
45481771
32906621
60112748
2943420682
3061370446
43857526
3048040704
3318074854
3034548396
3068868492
3080671935
3046193502
24289138
33174368
3880456992
36258198
19060973
3015751443
35123024
39266282
3006458510
3021601017
27552386
2989052690
2901120043
2884130765
2984459871
2891669203
39006948
2993517638
12673666
3027454771
36737979
28458495
3038258345
2963456242
3035581227
3059779256
2945952041
2981472243
28093858
3121030137
29989974
31602685
3104100126
36598959
3070939113
3345300663
3186500050
3124123650
3336742075
29075695
16929598
2980704540
44105644
48000511
2821528169
2901256257
2995904526
3007119617
19229623
3616632350
36544294
52307451
32261899
3044651376
4077277682
3028117120
2919735288
39091081
3128756032
2906514297
2995521627
2908561687
2917757426
55969615
3077558414
3006187806
3029664459
3031810609
39909448
2989640094
2892532686
2864761031
2957442208
17787266
3067329134
30613730
27754424
3018486197
3678777871
3082496648
3063856653
34681955
47465523
27794662
3045261043
3180784678
2975539665
3004291022
35113287
3013536366
3023041493
38632273
2952367493
39632335
48383202
58348782
3005058371
2916669003
28032124
4142768762
3083870626
2982059186
3087241855
41294443
3038364295
3104634474
3131705724
3107632887
3117732822
32210247
3046293253
3020112947
2960129080
2990273573
3052319915
2979814036
3023857976
34440441
3039202148
32477374
3058452765
47913533
22988247
47868351
3735743476
16476307
39726518
3086635087
3944291690
3124071473
3085816020
58756664
20385197
52565933
48090047
37698293
17083462
2947998098
3012971771
3082885222
3143380205
32115668
3189669021
3163316125
24298392
3129723421
3112563261
3147625932
31513795
37547824
35462606
3120531343
3168345206
3105931928
3187983398
42590901
3249246506
3063085726
11937881
3190690991
33063688
51497925
39292253
54450349
3123600849
20142654
35773563
44022457
38755914
3027541973
38983622
40023408
3052588378
3417748070
3093219450
2960786728
3128407711
21256711
35939899
38153881
2914003293
2982880579
42484152
36282987
2972725012
42462267
3013928596
2804451921
60090420
3007027112
2895355091
29975972
3035006720
2899881832
3087535309
3252871237
3046271876
13152022
3794848135
28059102
2901326485
3028594194
2960665369
2973152278
2972940433
2994068595
23679257
48268896
3052929394
24533423
46974666
13511398
32549120
19685918
2992068029
3000171935
24577363
55793582
16293283
3095868078
3228643402
3099036641
3051266873
41457377
3141811362
42021279
27057703
2951890453
2972468603
3245223605
44921863
59074667
71184151
2962980342
2980761060
47998019
13341577
31781293
44058083
3004744069
3043129086
8290890
3144711586
3048087778
3042597786
42655108
46705155
15884214
15910277
3063815177
3097099197
3123191732
38439516
72039037
42006389
3178105747
3123386890
3091192218
3220831721
3098241771
3143015980
3078733541
52426645
3128995194
3130037375
3211775042
45231234
31915936
3047389267
3063084838
2952943954
3132360230
31830923
2866742234
2953069895
3031892092
3017070047
3213175355
39287881
3196298525
3426291477
3216620219
56810095
3201315634
3206197794
3232377980
46335029
3188470209
3207710376
3132903162
41740955
18819951
3182243756
24858749
3104126697
3102382902
2891481328
3007213991
36965535
24022533
2998552900
2979701736
23416917
3060628094
3005800525
3002541550
2960729191
3097495031
3058937556
36050829
27971855
3120457242
40716560
29927097
3135364183
13496240
3057757408
3143506943
3094586823
39830613
3099581055
43420220
45083776
3085084093
3085328699
16067716
3074785157
3133082735
3060733294
3609843376
28267101
3043902409
2969080683
3224168772
4071637288
3084633508
3066338031
15669790
3148239607
4011311801
3048202925
2995359603
3041977772
3172845569
36504068
31318715
28097899
57764548
3147048496
3792713513
2904208488
2932111939
2984671462
2887809211
2923503233
2883310640
3112994226
37597357
68000541
3324979607
3047019597
35923581
3072528662
3068871299
3190719715
23518257
12424283
33842623
25949538
65012590
31920918
23336768
3100153018
25140236
48401816
2945165683
2896566481
3055679757
3500120875
3070954677
29118069
3012938392
3035718427
24039146
3114321043
3352336390
3165122130
2960880467
3052366167
30408723
3013172141
2857132003
38337897
3032341262
40358302
3068651662
3009297575
35443059
2993221730
28125680
3054741638
43393313
24455996
53735175
2969356949
2891431658
2886241636
2884425861
2999325494
44382038
25927639
2958729791
2834119817
3997175079
2873244873
39021461
37962230
32270338
3012197888
3123906928
24423347
24625658
2919766496
2932487206
3021687270
36060174
3147433062
2981431805
3021805566
3170057580
3117369115
4061133763
45083780
36290488
3188662054
3186926146
3951962401
3245237955
3281296197
4126469473
3199714808
3061654669
28950439
3120527290
3053628165
2977056127
2989125615
3100574250
52198113
49238256
3167769015
2984945726
2856494388
2975864562
2976840981
41413474
23779386
72440477
2964503328
45175936
2980920402
44168809
20115583
2924300601
2901847169
20945465
3002558898
3003077279
3083610236
3151637120
47660383
3073579541
30812588
27836806
48418675
24239338
4021056840
3032957370
12362643
3007979365
23673439
3942613468
3089722300
4080425311
34049811
41239150
13682450
3055739891
43712622
35546107
2975217422
48413337
3072555136
36149782
78684985
3033754823
3032627553
3156998731
24275355
3019746869
41830978
48068950
4100711324
3284781817
4140010221
3179892282
3379686290
3188193388
3208896330
3099747566
3226332923
3098637658
3362642676
2995119183
2957180773
2940857688
2878007542
3115094291
23213976
3192988330
9846394
2938157026
2936049101
3011707426
2991715353
29264948
3071696985
2997030914
3018879849
3125370304
17027262
3178525322
4155281147
20120122
2996575448
2983375373
54001630
3121834995
3134308316
3184033041
3124799186
3112160658
58044628
3270282189
3074025647
3084313103
3156600374
3035579323
3408529233
44809764
44848103
26596879
3231685147
42862011
3034623532
3022279451
35998717
3156870057
3125528595
3189449389
3264191695
3100348102
3118749163
48305504
3138233225
8371080
38704288
3112448386
3064954331
3124438945
51657596
34091561
3040181167
3137158067
3072220921
3152796499
3057659549
39614522
3126569682
51048536
40522377
3112663110
3844917128
3055247724
3019970365
3286003008
3194567252
62643134
3108080059
3087122454
3047350742
48558644
4130900768
3044143139
3045204888
3145106037
3064610100
32237273
3056105029
3153258095
61302403
2966507901
2947906790
2997349319
11423521
3014848066
3045642082
31851119
28632083
3112657705
3063795275
3192587782
19818863
3052457272
43518708
3097324052
2938234808
2991503305
3075940818
12587020
11608694
29826149
3015443109
3048773076
24148158
2809251546
2860115805
32496365
2922547004
3173718712
7670214
2978882528
58763294
2971817130
3075766223
2974855980
2829026274
3031095709
2915527169
2987720489
3666029608
2983334544
2945948965
36059347
3002506079
40306204
2969610935
3077261830
51790228
3042388473
16512659
44283736
28116019
31912478
3122318160
3032274932
42463001
31981837
53615771
2905199485
23918559
2866503754
2920311880
3024968980
2986831162
55971185
2918634754
3030420122
48613389
2991771410
2997226208
41359978
2983543205
3046688056
2904874126
34932572
2827187036
2889760912
16326556
35909870
2800240032
7824957
2714155866
2671552250
19213077
23164979
18224964
25898847
46557760
39122834
11200230
42411847
2488353796
26600770
2516676083
47089516
27931645
2648832442
2640624035
3351475069
34594816
2708749086
2712702239
27894018
44111649
2835638596
12504395
55609665
41455979
2874733623
34653164
2931174616
2858438202
3157891578
3078237470
3287854590
3060480024
3125458759
3033402922
3025676389
31873706
37251013
3036447976
29218122
3035145627
3270006625
2969213437
3058496698
40311993
3094301160
2824164078
2918191190
2855680539
38859609
4029906112
3045617579
56152436
36010323
3068871589
2980831440
3036148573
57043710
3069485793
3161434483
3167309144
3193094558
3344888714
24541553
45217203
3196280071
3158970029
3062283041
84167247
3260270692
3180938998
33835118
15839614
64556641
19838611
3101316542
35879033
56454737
3093925169
3286835362
3244729436
3117377594
3330651490
36352778
17855672
3163958899
30131815
52641102
41321768
40091216
3169960347
27133203
3181430587
3143732539
3104929140
3345843308
3106223111
3044894986
3060888472
3094081322
3126556713
3605622897
3051156479
30824053
27969494
3029572922
2949877159
2986630507
52962680
3078896862
2932722694
2992406942
3000280064
3060289274
2909733320
3140745126
3051876600
32020740
3079847788
2885761392
3014204334
2965435954
2966351792
31938130
2996518794
3126738354
2759938261
2808203781
2836250759
2867606105
2890364813
2862866087
2869358067
2888971202
18746878
3004724479
2814551951
36684507
2896269625
3013190503
2953413022
2966039866
2954293689
2889182199
3020117887
21245550
3198039905
27967928
3036468181
51399389
16299805
15907155
34948852
2967577752
57686552
11888755
39280445
2904768010
3001926426
2978278593
19019638
24064603
51627112
2922114649
2918711860
3092365470
3236211484
3187654441
25474499
28815969
3019715319
47924291
35682438
3075480918
3029464501
3288759371
3111914455
56542717
3087194652
3060937237
3025341721
40060224
3478569572
53305613
3946181718
3080459335
25818060
78204786
3306193055
3011081521
3026769022
3135654657
27207492
3009178582
2980592491
22160188
30731724
2879211286
3107892058
3050167160
3057389735
2818821173
2951764455
3033068913
2924503170
3985963053
3052194078
3161534532
3065710427
8098311
2863299160
2825113233
28315269
51020885
41776422
39201103
56776593
2752073809
2852498350
2844992131
2854307984
2805918458
27669620
2942508680
14278050
2946043342
37559331
44407863
2995608037
3025110744
63367336
2907966635
3213206418
3045649846
37472994
22560931
2934495437
3084330073
2720694770
3866543078
2942431381
3042740564
50854877
2975012324
39945783
20804090
56447024
3026907054
41519096
45813367
2992562652
44955708
44518331
23355499
35786576
28051117
2954726352
39532017
32091495
3930593318
2947870071
41694313
2912119108
2887362107
17129440
3148818972
2950784129
23844198
2914654839
2951681294
3113854703
2997112953
3034646472
4030319840
56308482
2901180066
2943887136
3000231156
2969593724
2961484973
3039131318
3018207892
2898202575
2972211557
21565256
60797016
19737803
3647966687
2992762564
2995482956
2972400848
39642855
2859677106
2911877928
2889692563
2974236774
16847096
33612088
2975939355
63912821
3042663927
15973599
3086285116
3044201602
3052686490
3104086159
2906507576
3156012385
3048470793
53531176
24207931
3234769749
3149445690
3076269668
44621306
48377812
2983769524
3001267981
3041171872
44712433
49391155
16648950
3044819980
2853654216
3053753876
2876592497
16398357
67840394
41381264
68607987
32308321
45349184
3155703061
50806074
3030734413
2953161257
2985079354
3073466305
28071277
20234577
3211708505
4090864244
3139671510
3071518921
2711448103
2702438387
2296736458
2089978122
1949430164
2124828847
12329337
293050948
8502556
1632174154
38374181
1875161501
1901705367
2394400592
2530839671
2694915942
2569641520
2605142983
2607856796
16222469
16609680
58747032
43238776
2697855981
2750631736
2815976552
48078875
57683727
2962996491
2951422761
2924970870
2927381251
29591330
2838719537
2973239856
2868666205
16928156
24507526
29522246
61250475
3016524441
2998045182
16582485
2943295449
2911138195
2835778935
2841394695
2913453697
2974221060
32671495
19973100
22578182
44887667
2975638965
3956248826
19973378
2912179958
19750776
48025076
2970649484
2913405670
3137282796
3085333958
2999028011
2995396845
3136180504
28849705
3074194759
60453676
3229877630
16037443
3000278045
3089409648
17077270
54144641
3559435443
31699000
2961179571
2904110765
2848486797
2889947211
2808637419
3346720162
3032043947
2965786140
3001170118
3676738829
22581786
3046980162
3054251517
2956728777
2948592340
3016924141
3043776453
2915003987
3025965218
2951531345
16798192
3049312405
3007638444
2925635748
3045489125
15918200
3077353085
3112927206
4132668863
24479701
67352370
43351312
2878635527
2809162671
2861036216
3131987943
43803419
45408051
21814601
2941290023
2920348634
2842049692
2902850632
2956138739
3002877340
2632001737
2653054746
2720715777
2793004698
40588437
53105543
38296151
2924116755
27953457
2733077441
2868892586
2958711848
44252362
2924474808
2952989345
2902727228
2924593918
3036343835
2960697824
37879417
26425532
22761103
2840400054
47371876
3778803437
3934624192
2994591649
16932806
3097253806
2983900153
2838618515
3003083349
2856034220
3195320990
28256580
23883539
48829743
2960801952
2842843081
2884732310
12836064
2962355696
52701126
20388358
2907977221
2941792855
2931125254
2812309339
23107314
2859523887
2879585904
27840169
32120499
27922721
47435189
39508845
57720923
49166760
2922201784
2804057616
2818619217
2875041172
28612215
2900586216
38299066
2881161171
31495014
2811242561
3017257032
31678136
2912340528
2850000141
2983725911
59819642
52255823
2963042966
3030922319
2837261115
2931668858
2851909834
35827119
2820689786
3097076706
35585148
20754239
2918940123
3031151235
60482264
28945681
2940549932
4078291511
3027635965
3026895404
3036138834
24507546
3079549300
36225456
12019566
3083060247
66634210
18313314
3202044169
3103416009
3083326730
3995956151
3009573096
3224385604
32800646
3136673199
3107541385
2982694556
3021547526
29288938
42570401
3164845494
3053802312
3109926751
3056120286
2988956591
3039788120
3082262674
3182399704
3237123710
3101802159
23065831
3140007692
3177469053
3102933968
3165355170
3130116651
3196459366
20565726
34372231
37532742
3115621242
3136276055
3134104082
3116308810
3336720590
21249345
3108757938
2919985133
3039091817
19882797
31842565
3060891420
29404801
34900653
3021591322
3938734811
3115344674
3005186828
3240246337
32070731
50120387
40783844
2977745431
2908137670
2998656019
2914226025
22709637
2921455423
2961494040
2967757697
2888716657
2903753831
23121197
26799763
32146187
27368143
3176981716
3001850026
47647902
2906357141
2918463433
2949318919
41894897
13605179
3101919826
2907621592
47303332
23601949
2883379415
2877140708
36284431
43244388
3048561524
2920333607
2986087210
3094388829
3057058325
3002806276
20567158
25857231
3090991161
3034602461
3092377330
3152076411
3137279534
48462101
3011522821
2975424540
18913918
28301978
2982936404
3226837306
3090952768
21770906
3035391477
65675385
52438506
49501607
3979163873
2794741264
15957843
2859596432
3512657896
55002917
28544054
2994075955
19079685
62880712
30966386
23430349
3102402345
22184451
41546598
9859264
2818202722
22120423
37487690
3931572865
2846430493
2949756110
2935731218
2916972821
3038360916
36321495
3856298305
2936740659
3253413983
2958411665
44711419
2810205853
2824230415
2880063464
2866210500
45493256
15036570
3122123237
23168050
3132036983
40254017
3052913817
3086542280
3011156753
31883354
35023861
60108937
23327198
2813400538
2740279559
20098587
2759981724
2763423304
2854750789
2673009453
2902221093
32751760
2980117889
21514165
3979108796
48394101
2960272219
30499687
3061024006
3038816223
17540189
2915379159
3051864607
65787600
31992807
2965985215
2981530890
41670030
3201100401
3019149349
23985104
3011203293
3064133151
36283668
3286518943
3055349698
3093434421
40513837
19588461
56135299
3030633630
15766637
40265211
3110044269
29943587
3250253488
3975139863
3096741391
3200905968
3135760704
48366883
23885913
44363667
3131793366
3272207160
3096560139
29863711
27043033
3328639119
12002736
3130770004
3344200554
3175026489
3129272665
3220719869
8248567
41525441
3212141634
3056395790
3052537161
23780349
31783941
3041566586
2905945650
32026540
2953441097
24085976
3193307051
15654822
71873359
4003010127
4019337327
3011087255
28914625
21741768
3082824550
3041909131
2988890751
33190501
33696146
48026249
45185540
2884043464
2871827130
2862253157
37510119
45818434
2969055225
3067266592
19758034
2975800671
44024135
2969728424
28219811
2862797023
2927809047
56643416
50496301
47480953
36155317
2978868704
2984904359
2984689092
15797463
40032393
3069033186
3187537897
3022622938
24757691
2980532626
3169469771
3021611751
16003435
3022626307
45875999
58249909
19644459
2935584396
2947445541
21813895
2970176744
9229460
2848462779
3038761137
3038441072
24241864
52689589
3084390677
3147366992
65898584
12203066
21767677
3074136683
3245995678
3151581549
3175932697
3301595713
3214332736
3176648510
38763705
3275216471
3216080532
42107619
3111802135
17557388
24337033
3072731547
3163598358
30152198
3212264389
3262516734
3137096804
3127143861
3156419517
3213175438
3010176729
31611458
53194297
3278218805
3105491223
3089541812
3218613910
3178912217
3135375463
3139235854
3886617787
40625544
3210977976
40274842
45962239
42784591
3407925337
3137166787
2991289297
20026920
3108372962
3015063913
58268772
46823838
3311127212
3196117478
3953949676
36057844
26184898
56348632
87532320
47779854
3717547479
55854777
2948806367
3064653489
15998219
3222141068
3096951346
2956653650
3029432050
3006958859
19396194
38827935
86805458
19604384
27791899
24497496
3042521125
3069284374
3048775176
44923141
3038650794
3109336740
2956585409
4131267984
3264877902
3056025897
3089371058
3008049469
3107643534
45473573
8844285
48422600
44974305
42983778
45809257
3084839813
3084518728
27461589
14063495
85852974
32089175
39148502
36537223
3005627807
3002854683
3102288429
3008170674
3232623579
3093399407
2966637035
3029002119
3047925239
3163193468
40551407
35955604
48250523
2951768807
3008603669
35903436
3119298308
3101109712
40298360
36209917
15906418
39720823
3005601231
44459617
2986691354
45522640
3034546540
3093797605
43575083
43490268
2994656814
27506449
3014823954
2886700927
2874071055
2961231005
2984370120
31607212
39883536
3016373341
41077977
3029795689
11864057
2928057812
56013627
2946901894
47487684
7686397
37074856
36083505
23417745
3030211167
2972215699
2824884338
44077156
2864141957
15719306
18592558
2982459108
32928362
64301349
3135965311
2946167731
2908806128
3116967883
23813249
36219865
39699084
33160298
3027869608
55383339
2981055884
2844746509
3048314273
3020459471
36735979
24707139
3115648306
3149598420
28116434
3197028547
3039629074
3132882781
3001232722
24574364
33963130
50281976
3081001749
3003061769
2998009560
3174908822
40759662
4140971487
3072520510
36862472
2978478706
2869663241
3006368554
2910215036
24034686
47766408
3201746755
44856459
3032962550
3791838612
23794640
3927274579
34836677
31979184
35708222
28726789
3112967572
3064244144
3093342432
3091112274
3104382465
28328787
45163833
26729767
96702996
3248711231
3081614835
23010110
18394586
3047270015
3151840048
3118555246
29058728
2879186359
46337765
3068352060
39925174
2941093507
16060406
19768834
59333769
53823104
3108825081
34383588
12357214
37502749
3089103977
3979279251
3035571598
40446349
46329383
3018638770
2839269928
2881124682
3120253039
2885559281
3046585407
3254557013
2980673995
2943312316
2980908313
26663795
55599822
2903633476
2948679903
2955460858
35271814
2867486271
57492318
2986486578
3136889305
2983388815
14814573
2945875613
39107737
2911250313
3877076901
2867001955
2939388737
3072707316
27030759
2979932447
2858772044
2922538793
2905101566
2940531258
3017971452
2982003372
33121087
2885853446
2870712565
43643204
3935980608
27548787
2946524614
19358150
2897344575
2956535837
2946466988
51841727
2986788567
68996858
2895245123
2957232944
28192522
16216293
36813773
27885637
49974287
2992381546
2982869403
45756017
42071528
42936114
47032334
2973882316
2972038592
3074750799
3080486674
3035370757
3079296897
45350815
3160940439
12376760
3200675994
3167825087
3100361585
3144596817
3115267150
3116701891
3054164080
3117475076
3082030159
3092222699
23991087
25239558
3093675037
3168533641
24130517
3072103694
28433408
3212631070
3200838599
3221982712
3185104310
34855520
3117406015
3120459204
41316393
3269623803
3064187389
44265421
19846904
3057988300
3098070878
3108353928
3056063855
19394767
2994319430
2907021704
2991987795
28910674
7837612
3083702588
3100260239
3883513723
3065998800
23928415
4173490369
3123645955
3110612299
29093497
8104056
2861709419
70426812
2988383330
31193892
29426736
27195257
33124189
45711994
45847817
3010275944
33669537
53806289
3005356107
24019787
2947048067
2946748444
3089283712
42035691
3015954736
16069200
3087921858
2923767545
33634705
3101166288
3076792477
2944576430
3004047774
23633805
3009115963
32876295
41638059
2902570909
3107406358
3073717236
3033694168
48701948
2983513239
24236225
49125827
47173686
3068000524
18444292
3065691741
3017018641
3058999772
3037383202
31874608
19689488
39517742
56401136
27922186
50656155
3103139297
16201661
3337117069
19065348
3144703657
20259876
37438112
3085233181
36145671
3126149973
2976995123
28261548
3079782510
3067701883
29376332
3253390587
3094384457
3197233650
3046651336
24183280
29150872
41565265
3236617911
3085640581
3008009181
3093494277
40371734
49034245
2909498538
2935097684
19589731
21745456
2989712343
32442787
3095615793
24306193
3066303703
22924089
3023466787
38161989
2960166314
3048115213
3032505105
2951976106
3015844638
3099410915
47163757
2913662175
2937053361
31362671
3085425525
3160504510
3081513055
3094753311
28325223
60975511
3117111135
3093720602
3241505825
44041176
48028409
23756563
3056728570
3258478694
30887944
3919226453
3071547518
2955223040
2997886394
4248787935
3097654491
3064333802
3030182309
15951148
3006630569
2982943340
44038722
3066657618
3057731907
2964031168
3034159360
3092231726
3060770773
42139287
3193403636
53720544
3068138036
24959458
3096960221
60198314
37083630
37275114
3121901822
3781030569
4141732321
2857458084
2927967394
3078194753
3010569507
3135868805
3046863835
31681816
3086581233
68753702
3116429725
2998670038
3012298483
46809040
3122925950
3038960769
30996468
33928261
28419077
3100627150
28395110
30266965
19728776
3044381163
3002824086
3171575316
3497945295
65238791
23243916
3033731740
2974210859
3033408331
3046980665
3088334693
28497431
3200415466
34942660
10105924
12215874
39196703
3000843474
45564582
2935696610
53737248
3332526429
3061641681
3100540880
12178504
3059279878
3099133793
44062879
57267592
3105538332
50950755
2935820993
36119063
12043719
3096551402
4023217836
3040972528
3749827547
27697322
38550184
3021101028
3066799594
35330558
3060824868
35775070
7616405
75498439
3027579671
49661402
51231623
59951965
3045700071
19923235
25558391
52038472
2955109486
2932001751
24620824
2883685005
2767825303
2820607079
35795324
2972763827
2951142882
31593050
3013858218
48179023
38034416
2911615666
2911729933
3057148844
2979157867
3151371998
2983171128
2997618496
33801736
3117294572
3173207596
2988180790
3121514969
2988914852
28607476
50898339
16114102
3089142778
2916814260
2979155765
28166919
3086559438
31461195
3000541134
20471914
24457255
35914114
3079437836
15532938
20100340
27174218
3007802291
3026758954
3021910552
52999732
2978636538
31842082
2940993598
26532951
2994334543
2988829737
3001615470
44086339
22467898
2785535890
53359357
2946815123
56625449
27284734
22536467
52193925
2916892983
2964967608
2889261009
2996456601
37557118
3000970581
2921639520
2911751203
28438199
2793862676
2943255654
2839124403
45627064
56050891
3004129380
2844857983
2866176057
43266397
3001696602
2858034187
2872340037
64927608
26233153
25732039
22137394
2963382641
39059706
54693310
2916109486
36004501
3100921192
43699976
3073852227
2983163384
2914791744
3050599228
2977702012
61034906
46378129
3099536346
3090109605
3452011054
2966203785
37149230
3032315962
4103170470
3252147907
34511437
3247974975
3263513348
3090831469
27991492
25061559
3208777643
16122558
48698207
3104645414
3266144424
3061891514
2975775717
3737650319
3035243221
28661586
41023755
3295765873
3056151879
3023235897
27738558
48189602
3032143655
3077362876
3097643454
3178911516
3088478841
3037873593
41715763
47802025
3054015485
3076159940
3017129708
24853205
3034152076
64539442
52471925
19855126
3087745551
52157944
3043544715
2989997891
3006778220
20092366
42950709
23642806
3043794568
3050664811
2993086357
24657837
3141567012
3101865884
25936538
18885970
3105467271
52491139
3092330566
2936722316
2876246280
2898061758
36233132
19795092
40733765
3018775030
33382743
2984106540
3137896281
2997858901
2947476911
31882428
3071561050
3053075174
2983334385
2983236386
43284995
3083628443
3025011158
3547544075
25444595
19763637
46966174
3217647325
35895763
32495116
3057562704
28746546
3848528174
3048549033
27510370
3071368980
38842791
33998606
3389878156
3171506690
3038487526
3974859176
32318831
3019347449
2989703529
3052146319
4138065788
3119284936
3023473428
30244419
3051374738
2974156222
2842854277
41610566
2915004901
38087613
15708429
2988439806
3015655039
4153312193
2872863230
3035069578
3022390913
3990499383
25710487
60343111
3025792180
2975553384
2955557104
25705861
32199830
11574750
30194503
39734071
3007564220
2955586079
2889926417
3047487080
36040243
3009531892
2956589337
39037908
2975836251
2976616214
3063958044
28116047
41488722
3110606238
42554875
3035477148
2985782967
2852783076
2863424080
27837984
2903502773
43804962
42516634
2943640410
2920188136
20860577
2994067449
3000712190
3023854536
2925741770
12504635
40942668
49489589
64391369
2999331670
2923652046
3016355862
20914633
2942059901
3081115694
2934839493
28852775
42278693
2903677527
2915535016
2933000304
3054707331
3078975611
3082111509
37548261
2982832937
2952173387
32632775
34473180
2791632763
2951444839
2932776591
57843625
24151070
33930622
3619960410
2864476606
43964713
3021341887
3025814672
3050232099
27843411
3019208378
55754270
24878494
3034630801
39727095
35109282
33974194
3064647494
3127226428
3046769765
40245358
3345946550
20141006
3961024295
18954749
26824547
3228788024
3181800468
3220485501
3138944521
3121114634
43884797
41471837
3229525778
3248540907
3861276176
15895629
3131190959
3079970158
3200826388
3201572777
3083514278
3173942562
38949536
3352250104
3141658613
3205220047
68173037
3204978520
3866398527
3221067400
52135626
47845716
3217797396
3228601981
14596366
52532472
3260025267
29842735
3128256270
3273631609
3279253611
3195846080
32192925
3164115907
3117160901
28110360
3187083436
3108313096
3127495721
3132053548
43516107
39714292
28939202
63604070
4111220018
3170887829
43371653
3174256021
3095274247
38031714
3046148715
3127716830
2991179249
3078510496
3065188157
15444807
3004211006
2987060834
3221001875
3036764934
3047552177
3159062710
34816804
3052676050
2995352507
40160647
34077218
3005276001
2919373689
2959437733
3508144240
3060455546
3042875228
3077493889
49533035
3007637472
2988484818
2968421051
31901963
2957212212
3025389399
3124435267
47685609
3084046516
3490324842
36757501
3045211585
3033016525
36364594
2981014816
2874824991
3203638530
23442332
2980522560
2914437258
3077030000
3022001282
3771555276
2910083009
2965057085
38749738
3020767998
2977506372
52806497
2854719714
43776398
3004350483
2972928785
3073170711
3041322440
24227300
3024566411
3042799098
2942214503
28138279
38636177
40702673
3818011987
31480411
2951163273
2951628996
62504323
23583533
3031377065
2883175327
2908180399
32516870
2859628024
3012119189
3042303345
2989561211
32054208
3190006540
3080945180
3003482151
2946012209
2892890625
2756418914
3185656256
2109667070
1638850675
1212310596
