4019257
4035898
3878072
3929142
3918729
3864550
3967845
3874496
207537131
217378673
3862695
3918530
4007821
3942278
3940079
3959707
3878119
3812844
3924470
203215597
3982295
3913750
5760054
204919835
4008222
3875555
3913796
3956897
3936177
201522468
201985324
204158063
3964154
3872749
200674634
223349281
3933668
3953590
206840405
206857125
3881056
3821388
3936242
3988302
3808022
3981565
4034563
3861872
3880413
3901530
3838133
3788505
3925910
3902924
3971866
3909558
3985953
3950835
3924772
3925324
213543448
246030519
3918770
3783638
3954094
3852208
3829841
206397237
3957099
3937935
3874255
3871746
3880861
3865934
3832215
221648159
3927543
226534767
4016536
4024649
209756132
3969177
212627622
3887347
3841102
211119680
3861456
3936974
3833068
3863202
210382055
3900427
3847809
3944268
208151692
3823338
3967497
214467854
207363811
4008418
3888266
3824571
207414739
3895124
3952477
3899531
4153010
3998261
3957361
3850110
3946419
3832793
3883541
3865844
213115387
3878215
205888245
3919030
209424863
3930966
3877205
3902591
207847790
3952449
3973464
8040585
3839637
211440303
205017291
3946429
3885115
205713158
209322896
3948272
3876475
208141534
3923359
203361272
3807200
3950824
3936384
3828852
3977442
4013164
3740195
3918801
200744486
3931178
3866037
4052915
202932978
4054495
3808390
3817707
202630025
3894593
207485319
205514334
201990560
4160900
3786020
3847495
3983688
3871589
3887907
3996852
4047874
3810308
214927408
206219494
3972611
4047617
4010896
210123771
4008571
3973085
207847782
4014268
4128049
3934946
3830434
206173618
3811822
202345069
204741478
207577314
3920545
207523131
3947962
6856182
4035961
206445657
3851720
3961920
3948661
207011019
3895738
4042910
213932581
3850484
3910475
3875420
3963524
3824099
3800178
3961132
4021561
3961255
4026677
4005276
3924547
4092219
208366163
3816193
3886985
3889588
4025381
231109476
3950897
3986670
3930681
207703374
3879817
3944997
208300534
3930668
3818592
206815862
217929251
3912907
3888708
205612798
3907285
203971506
3844399
204825374
202454593
3802360
3978268
3921074
4118373
3821666
204391321
3857456
3960490
3771402
4021208
3922837
4067576
3894462
227549262
3981556
3876984
209596949
3870874
203517786
3914302
3940467
3825047
3959559
228332540
3909925
202012042
228749899
3847638
3992292
206104992
3847018
3984117
3778708
3974263
3955963
3886932
205974320
203729319
3920134
205041517
203270150
203137611
231057513
206181641
3914638
3807096
203039332
3819344
3904875
204739464
4120246
201978552
3910394
4067903
203185243
201745457
3975631
4149977
3887247
3918252
3847741
3876351
3843567
9412872
3895685
3962190
205649093
3888240
225171188
3825012
3835806
214679438
4012477
3851428
3931215
238507689
213320203
3870255
3896223
3929907
210167895
3889519
3855969
208668049
209530086
3901144
3901390
205822621
3906876
3849242
3976015
3921655
205835154
200596010
4043969
200459658
3874125
214455286
3832348
3955470
3839385
3993480
218184010
212447263
3966463
3923245
211894227
3937751
3907640
3893253
3849598
3947958
3933102
3972660
3971126
206892733
3838873
3847606
3891666
3874144
3968182
205792750
208159882
208229183
3862678
3953861
4112970
3996813
4030152
3878966
3867805
207689930
3848139
210015851
4103113
209279668
3828192
4053517
3867150
4015836
212687746
210403894
230867315
209365692
4132925
3810425
3951216
3915162
3886300
203474803
208974475
202407046
4040820
3966246
3847179
3884187
3920083
218987087
214704227
206616698
198246145
204149746
204532446
4083255
202839138
3917614
199155229
3851668
3819959
203100498
3928325
3856815
206468556
3861475
203937845
204105164
3832083
204307029
3891477
4012880
4015086
3758770
3911032
202455485
4054422
206789622
3753536
3928943
4002896
3846834
4014233
3904794
203003621
3971969
3854573
3971123
202283217
3811292
208513830
208500661
3927702
3969831
3928916
3974135
3868184
204791959
205781248
4133827
3853684
208459202
228108705
210437514
3869664
3996270
203731864
204890115
3825377
3876890
207583994
3870386
206374793
3842851
224830181
3964356
3876749
3873216
206854002
4085112
3919857
203871871
202161057
3825912
3897274
3882986
3862161
207200215
3951108
3913817
226756305
3898859
3986058
4030207
3983202
205653217
3862193
3995845
3989647
202741449
3824964
3945108
3819040
3910115
3778678
3836281
3948354
3959581
4015873
3984148
3838561
3932370
3898349
3984267
3867664
215244928
3939842
3865917
3822560
207558579
9675872
4048522
200691411
3926156
3858078
3768099
3974582
3898289
3836464
3969221
207115299
3947928
3854201
3875480
203159894
4068787
206776855
3937288
4085956
4011216
203753782
3992895
203939299
3826254
3903534
209330410
3873520
206838850
3985842
202003274
4051847
3937590
204231445
3875092
204011227
3932191
4148616
208968922
3906442
3976230
3868895
4007006
3936921
3882332
3898903
4061654
3882300
3945087
210924111
3929402
4139918
3989834
3874122
3936083
3932812
3754917
202112107
3771900
3951821
4026574
206477271
3784942
202379619
3850222
3925690
211140990
221741894
4069852
3899638
204950453
3903468
208493709
4018263
3932410
3905117
205224388
204548442
205527357
3879157
204482908
3826165
3853812
205144297
3970849
202878219
3916518
3936359
209803939
3953319
203497463
3895776
3844491
3832473
3993875
210324347
202270806
3823801
228980993
208560318
202149887
205339765
215026552
4119775
3856588
3891216
4076186
3803881
3885750
3941082
3851308
213120205
3850727
3986365
3950328
3852948
3770957
3910920
3960763
3867168
3802794
203116367
199811939
202755834
3961456
3820058
206246677
3971413
3835516
204972529
230442332
3925155
211462813
214041771
3932995
4160231
4036659
225858300
3877980
3998723
3800848
3816474
205169310
203536544
204010285
3863906
3951552
203947326
3874690
4013309
3862287
210544778
3958390
3874216
214620038
4138098
3881805
3981958
225793741
8444055
3860935
4707830
3947448
3845242
3826688
4032120
3898527
3829580
207959088
3886363
4042550
4026663
201314630
3876904
3871921
3750239
205680348
3914333
3903161
206201020
3734913
3894839
3901129
3930663
3810725
3889760
204606619
3985556
222311444
3801618
3848671
208742079
3888412
4012669
203191153
225444779
3922572
3844588
216363315
3919767
3951874
4008401
3816984
3950787
3872587
209970167
7991517
4048289
206060901
3883616
4121430
205066614
200095298
3811866
3973255
4059259
205273107
4029463
206548679
216293885
229770158
4080768
3857829
202671116
3953273
3881188
3919036
206912298
3665856
203069800
202681380
3915236
4018679
3853769
3916496
3892206
4033897
3731076
210640737
209833351
3907661
3952630
3894039
3914426
3908753
206333491
3923361
3924840
205498100
3938077
220872163
3861519
3895268
227507120
3916571
3906485
3913684
3905881
3835924
204988747
3899321
201592555
4103099
3870182
3872010
3933653
3785580
3973316
3893121
3933178
4079521
203307070
3763994
204797721
3912411
3983648
3987043
3839006
3910437
203706120
3918690
203327343
3843385
3888459
3986174
3828063
3867787
3865840
3931237
3938970
207522155
3916262
3855669
3870764
207435468
3894417
3916614
3891616
3903945
3868400
219271943
206965266
204807314
4020545
3963900
207128378
3923891
3981784
3949825
3883935
3957747
3958459
3858659
3847365
3919405
3872064
4055735
3965347
4142501
201533462
3851011
204906247
228417859
3962242
4102090
3892756
203361541
3903603
200644867
4035316
4004917
3827331
3936506
3868599
3836619
3795201
4125776
4112105
3898693
4104207
4014108
4104060
202812918
202546980
204390271
3829793
3899075
3855169
3969236
204135229
3972597
3813408
3960487
3930371
209388315
201736059
3807337
4132392
3862507
3865705
3816646
3914730
3949576
3928010
3883007
3951569
3844014
3862878
3852325
4037179
3888176
4046769
4014431
4027220
4094561
3967992
3935879
202458457
3833184
3935025
227723504
3865606
212949445
3894323
213080698
3962619
232214080
3792758
3888867
3952361
3769751
3995858
3921820
6421676
3979928
3839838
3875345
228405452
205496514
3878310
3917449
211315781
201995157
3928115
3757124
3955335
3807247
3936028
3889951
3877836
3913958
220310067
3948817
214558507
215298284
217113166
240017573
208020603
3867173
3940690
204978676
209549388
206210596
205524439
3715337
3872695
204696694
4035037
3944060
216219256
205395295
205790142
3974005
3937524
208595565
3994986
3935078
3879457
3915541
3947705
3904830
4004459
3948189
4103137
3931670
3882722
3978172
3854163
4018733
3792214
3830467
205206834
3902026
3861343
3969915
215515599
207243691
3905023
3959031
3971081
204736031
3842743
203970146
3838741
3923988
202823908
236725126
3972781
3861800
3847760
3917132
204236982
3934561
3865661
206506774
3955361
3921803
4027796
3772444
203596792
3941199
3934413
3861668
3861197
3926977
203771658
3901234
4108174
3712369
4010034
200650200
4031468
3805682
3958916
3928199
200592161
3825144
3865305
3895446
3847447
210151570
3765850
201771341
3834999
4066622
4060395
3801278
202326258
4055259
203660646
3909656
3981657
3973433
3816600
3881494
4058495
204808367
201536622
3769370
3979025
202228492
3958638
3974561
201810531
3871583
3930191
4022340
226542078
3894471
3873053
3865327
3792190
201138106
4004252
3796509
3848204
202141284
3980512
3932354
3897843
221996484
3817577
3921995
3927670
3848745
3824256
207813497
3964360
3856804
3894605
7879197
3998279
210594011
209406768
3853926
3852950
3908741
4001731
212756928
4004048
3893436
217717085
4080001
3847553
3966826
3870478
3844436
3919693
3962839
3975354
214178624
209531064
207011033
3967779
203388758
3911345
3885473
3892903
3915700
3937834
215200256
3858772
3881371
3886235
3944907
3898345
3710776
3901835
3930224
3824480
204743165
3885116
3866539
4019833
3871728
3881788
205928779
3856044
3919249
3853436
3930529
3921808
3961756
3974012
3948566
3900863
3942810
3929383
211435022
3859211
205397792
207947332
3887328
3978554
3931953
3796290
3897553
3988222
3836251
204859286
3867440
4091584
3861091
3911761
3885247
3978056
209634492
3770490
204341594
205371239
4014237
3843955
3926581
3893704
4097832
204846753
3970212
205159407
3848624
4004928
3970619
203538159
3912575
207375640
207024447
205409289
4081558
4007659
3861430
3960474
4006199
204132962
3927625
3913354
3906538
4056806
4061232
3979013
3791895
3953357
3962055
3786191
202953683
3948359
3815703
4161685
201359083
203166824
3896450
208704687
205601557
3943102
4109050
3886592
3880491
202612425
3899876
214032428
4051378
225444281
207753267
3997013
3970245
3902563
229299021
209877301
3938409
3946869
3903202
3840935
210024366
242316925
3934188
232327375
3939100
3978052
4025069
3820776
3907087
4097057
3929009
3930947
4025338
205566065
3815637
3904103
206669056
3900593
3905471
208344355
3932435
3953681
3817585
3949834
3893271
3737124
3981788
3726337
3845092
3917352
209089882
3910332
3834779
3994061
204922229
203545852
222700221
3988121
207881504
3827369
209689528
3930302
3934301
3824464
3883236
4039390
3921136
3893205
210117370
3974614
3865033
3873555
3843788
207334836
3936704
3965669
207341349
4070904
3946768
3879193
3811260
3913192
205935987
213405159
207151307
3904826
3848040
208982856
3899591
214207391
3949195
240310127
4073867
3873141
3840267
215758004
3878434
214917437
204103367
213303278
3857906
3888150
3896761
209026244
3912753
211138671
3869266
214565411
3858105
3877349
3943281
3905041
3939244
4085751
3858484
4017226
3879005
3851427
3867927
209764346
201577867
4049132
3983156
216501971
202275784
202262329
3940425
4014447
3858329
203911098
3818625
202753350
3819496
204761653
201683643
4039542
202933442
3848052
3998465
202924591
200422550
3794457
3784163
206361372
3843775
3849947
200993995
