4376367
4462155
4206173
4244768
4246798
4248644
4360740
4257688
211764629
261598255
4246261
4281160
4331177
4297643
4277691
4290314
4211676
7254767
4273173
207410461
4330620
4242293
6074718
209174571
4352168
4232754
4266560
4358357
4245582
205803585
214153231
208527803
4286989
4175068
204873866
272691929
4294674
4369837
211043802
211101147
4207259
4179658
4292637
4309207
4171670
4333699
4413535
4218478
4207506
4282504
4170965
4135549
4259425
4243610
4338689
4324491
4334884
4304791
4266820
4241082
221317850
325736874
4309234
4122589
4277389
4209463
4189226
210628731
4279214
4298006
4233311
4305132
4211543
4204948
4196803
275184922
4254384
293188654
4346742
4390980
217704560
4305592
216772353
4207590
4191700
218869006
4190564
4256350
4164882
4201457
214564076
4234550
4168100
4304669
212310412
4192603
4310071
251980485
215370736
4343297
4212552
4162135
211731158
4232484
4316531
4229855
4485912
4324693
4351353
4224451
4301056
4169527
4218531
4193802
217392629
4225177
210232491
4253113
213605220
4295738
4219106
4248017
216294774
4279415
4312546
8443402
4217168
230090671
209309786
4270886
4213092
209889657
213513963
4274376
4214378
212350614
4266037
207673029
4138849
4291328
4270600
4147428
4298443
4364103
4118310
4257096
204874017
4365345
4195550
4429034
207146646
4390108
4156038
4126456
210547105
4273897
211724270
209771260
206960716
4503046
4107452
4173665
4330837
4192527
4218250
4379238
4400353
4160371
219186980
210406204
4361221
4458800
4376169
214371301
4370931
4300466
211987591
4367574
4472339
4313584
4220270
210377898
4129762
206556710
208937953
215401243
4152795
211658671
4308423
10398214
4404755
210827976
4181254
4293870
4326895
211168242
4283325
4409209
218150034
4169791
4295813
4228132
4292481
4166953
4146850
4291788
4372722
4284349
4400400
4355386
4257576
4425916
212609921
4133425
4270735
4213766
4368203
305168481
4330799
4325887
4282192
211922364
4203407
4293840
212482869
4268521
4160195
215696907
262347260
4291576
4222467
209898276
4269970
208076527
4176779
212571668
206699563
4133113
4295599
4257399
4495681
4137518
208449558
4192734
4297001
4111366
4380712
4277770
4437993
4230757
277358233
4304815
4209430
213883761
4964256
207731566
4278721
4283127
4162940
4279811
327221642
4314082
206517562
303200837
4180323
4342487
214037802
4173236
4318820
4122425
4337868
4296816
4229456
210133974
207958383
4252696
212837003
210537710
207324710
305000199
210290325
4237398
4145529
207259299
4169190
4253423
209017114
4447108
206090336
4307787
5141793
207467433
205922983
4410784
4525846
4255678
4301624
4178026
4204388
4200083
9788443
4270210
4312850
210259622
4224578
269203254
4165270
4159211
218917372
4363912
4196627
4270621
312712883
219974170
4197241
4231412
4272813
214333942
6636546
4193635
212838993
217264537
4287994
4225974
210035603
4228884
4168744
4317915
4266377
210642456
204848225
4382128
204691841
4215304
218648284
4148265
4323685
4185229
4361869
222418828
216682034
4319994
4262985
216038192
4258588
4305121
4215646
4177091
4321259
4261146
4303833
4302994
211089519
4211506
4176669
4293624
4255389
4348042
209967689
212379440
212395399
4190130
4296668
4456334
4333073
4351907
4215077
4223421
211934598
4206023
217802530
4443430
213623549
4151212
4427299
4221041
4336962
216948826
214632972
304462993
213679875
4451170
4149008
4308058
4259950
4240573
207786171
213324821
206489003
4422895
4325250
4189291
4210098
4274467
237976404
218859230
224999178
202460898
208422847
212267591
4445619
207089348
4234468
203478137
4225300
4164782
207292722
4289333
4193965
225254551
4201419
208179861
208261429
4170457
208489780
4217987
4415796
4377988
4121209
4246069
206633295
4378804
210977866
4139482
4278942
4362071
4224983
4342807
4218751
207607078
4299047
4174442
4307551
206600764
4190467
212713246
212646455
4290843
4342499
4266377
4306431
4209130
208945459
209984201
4487900
4198661
212705858
295185920
229509203
4162721
4349070
208074984
212644517
4199054
4191303
231835096
4287857
210676127
4188381
298346831
4349221
4235204
4213127
214728520
4441556
4259829
208149455
206336633
4157894
4297164
4268585
4192351
211372902
4300791
4244894
294954356
4350907
4317481
4363333
4343002
209926899
4206429
4376629
4352761
206934443
4135299
4275763
4156621
4238139
4213488
4156799
4300906
4313491
4343340
4334049
4245705
4285532
4221332
4314734
4228896
269586612
4280086
4203928
4133749
211711886
10018193
4446717
204970271
4249654
4195509
4102074
4326155
4248662
4156144
4400418
211324402
4314927
4199446
4201727
207391420
4437938
211125380
4267350
4443034
4358245
207906903
4339708
208115884
4148859
4265425
213589733
4218239
218302121
4308634
206117102
4446313
4261633
208457804
4200067
208320624
4258941
4481794
213146129
4258559
4325332
4195576
4413362
4274509
4203111
4278125
4417317
4217994
4289996
215141652
4251601
4469521
4375172
4226662
4273236
4299346
4111761
206299090
4125399
4290610
4402220
225184446
4162830
206510456
4167095
4271137
229722245
266601876
4395033
4209236
212837015
4248828
216359450
4345060
4286691
6641494
209351744
208727450
209771775
4246507
208681933
4143138
4160977
209398168
4329032
207150939
4243448
4262286
213983804
4271030
207649789
4222081
4178772
4186548
4337780
229308633
206384241
4165709
295237746
212676766
206438716
209620407
233974187
4487448
4191037
4233211
4399547
4127434
4281340
4264987
4201744
217361490
4262754
4332170
4287300
4180154
4131278
4255970
4306611
4259216
4131139
207542673
204085059
207046227
4322049
4168001
210455428
4295837
4166331
209270810
304593247
4291318
215765874
218356941
4284150
4524909
4393654
292713087
4250260
4324649
4243155
4142012
209334639
207699300
208133480
4180667
4319930
208215265
4231219
4408287
4342487
214799912
4302154
4193821
218836210
4454049
4204265
4297222
291800862
8855319
4234138
5041313
4279383
4182860
4155845
4405324
4246738
4177142
212251726
4249608
4430761
4388608
205511260
4238929
4223117
4131790
209923181
4242866
4324141
210428265
4077233
4222545
4265931
4283903
4147734
4210256
208763749
5916513
288417309
4217211
4188895
227538775
4243221
4350777
207355649
298790759
4259625
4165351
261863577
4282811
4295957
4366973
4143814
4300415
4204781
229136408
10677534
4491040
210332305
4214604
4465348
209410340
207888608
4118849
4310998
4396733
215443678
4383341
211277619
222720423
303703400
4449748
4271599
206945578
4729213
4347514
4231115
211103171
3982471
207347974
206865293
4241592
4338079
4164830
4258076
4208137
4363735
4089428
214841043
214060806
4228910
4268857
4199678
4227967
4218060
210567550
4280367
4254809
209719498
5077363
265507638
4211276
4221217
300892283
4285731
4244941
4234516
4262586
4170421
209185937
4229929
205831858
4433651
4278366
4223758
4270404
4110776
4297870
4236734
4269687
4401185
207508703
7101780
212596610
4235950
4308025
4339046
4156947
4253291
208041452
4247615
207507658
4202704
4204896
4325719
5068613
4178235
4177296
4279765
4310954
211854763
4256836
4182553
4215925
211619126
4242330
4265925
4211262
4229265
4186253
263698662
211069750
208987196
4376887
4299112
216102234
4246599
4319193
4267576
4208661
4310808
4310802
4187071
4183134
4251349
4224719
4441776
4317055
4464727
205747397
4202845
211174413
302104135
4319546
4434454
4208592
207560602
4266390
204763820
4338885
4338483
4157315
4327396
4209043
4170793
4123176
4460661
4450267
4233504
4478735
4357717
4448530
206946808
210115172
208515583
4174572
4280568
4160192
4293756
208293939
4313894
4158811
4276376
4311385
213581115
205837842
4113474
4489099
4188846
4189092
4164262
4238394
4284747
4245452
4217902
4306606
4177581
4205956
4178111
4390505
4224950
4389956
4365039
4417057
4433189
4288585
4278478
206763881
4156125
4259039
300646970
4223882
217127053
4241231
217297472
4301813
304975294
4160556
4225409
4282235
4110682
4352980
4266120
6783445
4345503
4187463
4198939
306478076
209687330
4195281
4235039
219165422
206156086
4279967
4086923
4306763
4129408
4341752
4223843
4207270
4244522
239367787
7052297
218908590
219554063
221365289
313995924
219648820
4215082
4264620
209241829
213915563
214237754
209747612
4076332
4195888
209078520
4362767
4273115
260329826
209505512
209974041
4324745
4262161
212715213
4317250
4274002
4212610
4247286
4363049
4210261
4345491
4292978
4439762
4285619
4209144
4317726
4235716
4348197
4224966
4154434
209377691
4231413
4206070
4309254
223485840
211573397
4237233
4273571
4316794
208948564
4187274
208199241
4191810
4237472
207029373
311074530
4322776
4190766
4159578
4239804
208421276
4260799
4185524
210621528
4269144
4241046
4373168
4119411
207886764
4241631
4245936
4183687
4181619
4265421
207949237
4297739
4442377
7778077
4439295
204857731
4360738
4133485
4293416
4301581
204799035
4145854
4190350
4208086
4181579
229258270
4094726
206066184
4185490
4445699
4405149
4122747
206534663
4373532
207812705
4299667
4310879
4310693
4168343
4220993
4382018
208919103
205712273
4101570
4346680
206489648
4277506
4349941
206040705
4191897
4293581
4354895
300028283
4217676
4255039
4198160
4107770
205334041
4322908
4118184
4177579
206383440
4429006
4266917
4202381
266964361
4160640
4241757
4245104
4181680
4145408
215590798
4292579
4202047
4209960
8271079
4328571
222088435
227925847
4181624
4175980
4245446
4335798
216921691
4324772
4214863
236335606
4403945
4310811
4293156
4194292
4156758
4273833
4326174
4308030
218352576
213701657
214781419
4282431
207588132
4257536
4238890
4232964
4249098
4278525
219412929
4171975
4210536
4229084
4269470
4219669
4025681
4218290
4314673
4198354
208926387
4261997
4213017
4340708
4233465
4229218
210092982
4178652
4279002
4236426
4243965
4294379
4285811
4287782
4289281
4302103
4304630
4269739
215582920
4177332
209612370
215892143
4236591
4313409
4236901
4121191
4238711
4356319
4176195
209127024
4210688
4446660
4208864
4264727
4244698
4369812
213927446
4131273
208481996
209597010
4384029
4208997
4253536
4211985
6802937
209057793
4290441
209317782
4186796
4333540
4297193
207704398
4212911
211616144
211223948
209603021
4445330
4344607
4180014
4290700
4374614
208386154
4253776
4239950
4223618
4439543
4478610
4393979
4133546
4296385
4297609
4100774
207110183
4268397
4127567
4481675
205485238
207324502
4218571
212912588
213466499
4309697
4434765
4218634
4237989
206848220
4235091
258611710
4365631
291746270
219185369
4295998
4300411
4232110
302868924
214047308
4273231
4291500
4227150
4183507
214131639
316645857
4278811
305205512
4262771
4324351
4372086
4142399
4235205
4425778
4275863
4277029
4420204
209878302
4130940
4250107
210978143
4208685
4232315
212529854
4258686
4283758
4191234
4301066
4243481
4073777
4305515
4077036
4159314
4238066
213335293
4241956
4149743
4308908
209111140
207642901
267229421
4317555
215626596
4132936
213870745
4258734
4278595
4155212
4243085
4391763
4278991
4229188
214246300
4298543
4179766
4201392
4172786
211488574
5616533
4345624
211507996
4378671
4266022
4206949
4152359
4242195
210127385
232141966
211345995
4242445
4176108
213195616
4227364
218377273
4334432
313954126
4400549
4191460
4178900
220029671
4235456
219155066
208250429
217487285
4194763
4216632
4212745
213216106
4235635
215324184
4185260
233136869
4169802
4191087
4271278
4283851
4256492
4408568
4195668
4346730
4276260
4230975
4257824
228517695
205802715
4430117
4294608
261609627
206513737
206477360
4242536
4340460
4199438
208255421
4135801
208686724
4199739
208912434
205953095
4364427
207176168
4211382
4298975
207103947
204535325
4103569
4128508
225106319
4162381
4178843
208918153
