4109470
208922444
3906185
3820347
3787144
3944023
203235173
227970726
3960613
3964417
200613074
3895495
3852284
3957665
3960127
3890260
3997409
3955810
4049788
4036782
3882750
3880734
5459381
3979409
3961129
3900589
3948081
3907882
3877280
204862097
3962566
4106254
3982711
3890197
3835992
202633085
4039200
219314114
3888756
240001337
3953622
3972224
4019219
3859395
203891979
3851780
3823728
3873612
4733333
203041793
4018678
4240887
217803381
3830607
236779542
203297380
3772703
3916098
202977984
3830591
3796744
204145239
206346841
3848579
3891581
4166453
3792813
204496799
3951370
3866539
3933012
3802744
3646334
3820819
4077635
3881616
3894186
204023507
3983484
200326858
210974529
201219512
3758560
3774678
3966766
4007578
3828848
3872746
3826607
3972582
3903623
3995623
3998351
204223957
4835170
206871029
3926351
205847347
3883648
3825856
3860725
3905314
205766730
4065649
3935493
14431715
4002278
3899576
5153649
3901340
3952660
3863087
204601500
3796439
3946417
222997286
3884158
3811788
3801673
207192065
3823425
204348268
209641853
209724642
3889382
3867424
3904182
3989862
3819868
4048077
3842193
3940613
3988761
3908155
205574444
3803392
3959147
3857173
3980452
3847708
4060147
3831141
208850536
3854809
3828487
207461513
3880256
3951681
206363968
206554405
4014586
209616762
3834857
3806154
3844978
3803852
4047904
4014735
3870073
208842612
3983521
4047197
210300646
3850679
3910016
203733476
3847674
3907622
3879019
201018329
207806851
3928228
203050626
4024567
200915682
3790322
3860874
3868750
4034084
208700541
227308882
3914518
3898083
3743340
3888448
216821702
228130651
3915970
201243963
222218499
3833695
3835355
3927278
205267697
3968902
4045806
211821213
3955066
3990877
209116895
3856035
3932000
214246263
3801894
3947595
3910436
3971008
205125476
204022914
4079636
202984727
3866180
4117991
211889766
3873161
3960976
3760382
3859720
3962093
4026076
3859012
3874162
3968297
7929206
204319722
3930328
3878495
3868436
3900555
3812971
3857650
4012577
3970386
220161478
204171474
225727059
3889147
3914209
3801604
3810231
3985350
199517214
3821190
201933217
3911189
3796381
3773083
3891416
3926592
202989097
3889491
3859923
226007399
3881894
3947977
228172291
204220651
3875610
3863952
3941721
204738353
3890227
3843758
3949525
3897949
3871047
3871316
3856561
205375287
209483055
3933450
3994278
202571537
3814272
3670744
3998721
199492276
3954334
3828373
202517153
4034918
3843248
3821860
201190038
204135543
3991091
199237672
3911083
8337713
198403758
3913133
207693372
3900467
4022589
3853959
3957508
3770291
3854770
3761357
3991371
7259433
3806860
208592250
3883950
214504139
3895678
219274201
3805077
209637868
211635139
208032442
208452848
208875831
207482349
206721674
204551397
207600956
207287422
205074308
206325461
208388656
4007773
3769145
3770213
3776845
207507290
3845697
3918102
3789163
211535947
212365246
3943539
3914197
3902719
3773175
4009564
225928542
3891101
4087966
205998312
3909298
206511746
3862802
3760973
3971029
3965850
202395660
3985518
3702011
4064128
3980721
4178878
3783147
201972698
3874159
3849488
203430857
3842308
214542365
4010606
4076147
3833561
3712751
4003314
3912572
4016050
203004915
4015892
4106144
3964265
3722332
3899997
4056331
4092397
3872511
3851918
3806038
3947431
201553978
3757865
3846890
3878784
200086886
3807404
206908034
3992789
3923114
3903529
3951528
3800749
3799020
4130503
3845868
198745780
3743609
3788248
204245224
203944781
3935243
3885964
3864496
3916394
3783189
209577967
4012507
3983060
3910963
3947548
3886896
4080349
4130085
3928554
3926912
3919180
3895857
3914520
3740093
208625291
206269212
4038305
3888165
3987740
3788996
209223271
3847906
3956211
208491541
3853886
3881584
3896458
209550309
3905608
3811085
3943255
3918689
3902205
3938694
3763280
209647085
4017522
4151397
3781679
3978810
3975714
3782970
204623117
204044451
3782561
3901842
204341977
3852119
210415806
4037148
3862538
206985006
7456940
3840267
3963474
3965678
3835979
3945443
3842290
3759769
206717808
3836017
3747947
198735859
3857320
3971294
209174596
4084386
3857554
3924083
211991679
3841379
207645295
3924622
3893058
3819975
3888698
4007136
223169134
4061264
3871392
201784703
3894806
3904271
3962564
3880703
3847942
3792992
225672780
3932421
206137216
3842593
205450183
3934232
3873087
3820611
201608072
3972954
203999064
3901863
5723321
214642915
3836303
3977228
3855930
3863332
3926637
216071603
3870993
3931448
3866079
3716811
3957355
203079230
3740580
3869260
4019928
207798604
3976131
3787185
3832229
3780679
226215978
3818250
3869477
4035195
3840716
3936508
205184170
3914296
3896701
208594562
3815313
3836065
3894911
3800396
204347550
3777856
3974274
3720097
4047981
3735742
3851830
207865005
3939263
203383367
3902840
4074560
3945610
234651192
4001826
3818253
3871513
201004874
3943591
4039033
3805049
3896836
3892993
3882678
199156303
205330456
3877914
202560060
202362339
3789545
3914168
3789351
3926022
3859067
3933656
204474764
203854563
212053817
3926318
3875721
3861999
3892380
237758297
3973310
3855495
219077631
3931528
212323797
3910918
3856582
3739553
3970689
4007360
3807477
3872884
214660179
3845723
214985994
3879061
3694454
3883913
4015381
3860270
222474198
3995043
208386034
209549906
3836712
3947971
3779340
207115995
3921844
3891103
3662345
3941532
3857260
204932615
3825187
3910193
3893302
205393291
3858069
3854037
3914720
3905879
3922992
3777359
206403034
3816018
3952328
3950971
3912820
3865343
3793625
209421167
3860230
3808493
3822678
3969823
205764319
3703239
4018525
3838005
4058897
3930196
200857253
3810759
4005050
3878341
4032367
3895913
213136336
3689571
204179415
3822683
3946816
208210974
7374512
207140997
3899434
3919855
4045578
3816859
3839448
3798862
3834641
217372225
3819696
211358780
3949273
213741039
3856584
203437721
3909611
3884351
3868514
209661141
202417411
3786051
210684864
3838271
3782231
3793428
201425168
3842886
4044708
201945637
201031039
3832513
3957825
3722994
3856397
3897404
3897566
3863652
3906552
3854009
3725954
3766354
203392762
3924194
3980298
3801589
3866545
3854001
3880654
208561333
4019399
3905648
3828205
3862725
3854573
3841330
3806735
3937068
3882443
3948036
205645670
209276729
3903602
206346508
3861811
3744875
3855894
3820754
4769268
3910677
206887303
207148595
3799128
3846799
3939047
3938472
6251020
3900569
3922214
201875936
3798626
204196863
230254987
3753536
3946694
206548123
3904216
3981184
3890304
3780666
3858466
3942248
207400021
4036149
3794688
3745216
204324324
3851684
3804420
3773913
203143311
205727834
3923899
3830316
3807848
3903264
3770953
3638906
204118585
199994211
3771112
3700077
198117426
4065865
3884083
3885336
3874205
3897953
208805956
3860082
3858609
3806818
3916401
3900317
3822899
3815579
205000956
3958507
3838972
3928476
3897228
3978817
3882938
3918696
3800407
3830279
3927228
3944058
211447564
3969877
3857289
204770185
3807430
3846013
3802204
3909595
3864594
3777055
3803532
3937583
3916949
3858642
3877661
3749664
204777888
216549385
3775899
3850112
219504768
3903589
3843725
3913284
3674186
3735496
3855214
3908561
3979223
3778579
3815389
3855508
3814201
4108130
212185807
3847770
3860020
3759667
205431045
204824458
3923789
3958214
3940818
205234455
3829081
3868107
3901518
3985022
3855207
3807167
3886753
203320769
3756135
3868567
3840349
228694167
3943674
3774670
3967817
208855062
208094185
3902675
3775945
3814385
3934120
3832131
3722768
3895719
206868732
207572783
3915330
3841238
3856899
3896310
3733585
3930456
3818878
202609914
3719578
3769442
200401346
3786682
205449808
3944736
3792248
3899088
3883706
3961517
3742671
3909468
3790462
3921732
3852037
3899091
3790319
236298264
221308822
3882280
3974538
3878685
3871920
3805475
3930612
9102382
3819461
3851758
3806359
3864287
3943891
3919550
3792149
3807412
3780833
3937067
3963391
201586391
4023777
3770816
3935917
3806032
3795453
3886851
206633156
3887785
3878755
205611216
205083205
207687406
3909496
206792689
3960245
202861284
3784999
3928746
3885637
3839028
3899109
205259809
3798768
3794205
3900867
3943328
3887355
3785759
3839681
3764736
3963099
3846471
208690973
204099857
3878957
3830326
3883876
3930990
3729403
3966705
3714430
206109831
3976884
3996216
207574990
3758058
3735000
3918263
208829542
3739110
3793841
204242103
3767851
3799690
3908226
3966905
3873658
227322638
3876116
204355591
3870644
3986875
3916166
205479320
3859664
198446894
4002782
201977963
3842590
3797766
3904604
3882837
3765051
3978583
3789539
215616517
216215547
214816897
215222453
3839124
3910138
3979255
3910026
3906100
208939610
3999875
203259413
3791861
3799067
3915341
3790669
3976896
3759980
3870806
3922214
3876888
3931193
3827575
3897849
206873533
3934418
3861952
3790359
206932838
208967857
3792334
3969399
3935532
3898110
3720046
3832786
3895990
3998866
3963204
3941868
3777546
3798089
3825249
3898144
221347292
4046831
3860069
3860508
198511889
201760537
3908728
3857929
201175489
3981472
3831771
4017096
203303581
3843439
4038967
242002217
211978056
206148197
3800964
3945798
215478251
3889534
3804115
204605973
3837006
3891940
3915419
3967122
3872710
3765684
208929669
3908853
3876140
3863396
3821539
211093181
211892800
3814368
209621241
7755224
3973776
3904743
237547835
3890885
220463997
3827982
3877705
3810833
3803613
3892679
3773881
3814842
213090078
211910883
4001700
209969586
3925154
3825418
4012264
3839962
3931157
3836959
3862201
210367674
3869549
3732268
3923298
3887574
3812317
205357615
3917657
3862145
207048705
3996184
203030375
3782258
204655467
3873627
207228841
3790846
3861670
206354676
3914785
3924381
3809761
3958024
3914541
3865986
3862272
3987257
3788673
3864151
3887044
3864838
205834967
207020846
3855315
3938930
3813163
3873090
211139252
202395297
3807063
3875514
3992511
3930522
3885220
202800548
235306140
3810271
3791847
3976100
3867274
3818154
3837580
3775984
222268920
204145188
3895462
3780918
3875932
3809488
3798374
201427945
204153006
3820021
3723519
3942592
3746628
205766790
3793157
3889767
3859574
204462470
3942208
3907807
3873187
3754385
3799696
3868382
3884198
3812078
3891984
3808377
3953120
3871763
204529185
3944208
3958392
3751936
207858934
4179578
3832955
3859583
3788034
203232969
3947875
202988369
3738814
3956267
3866799
3810543
3882473
3750181
3756047
3875451
3935051
199191959
3852516
204229646
3958436
204104459
206953480
206943040
204585251
3866649
3905745
198584032
3705506
3757832
204766639
3987920
202318470
3716816
4057390
3954418
3835380
3831140
3872961
4025422
200595239
201067772
3797954
3783395
3755351
3814856
3854200
3785283
3783150
200457077
3904143
205497571
3927669
3848694
3792727
3951219
214719524
3855855
3836538
3857843
3919041
3775041
223336591
3895949
3803132
210533101
3906786
3828560
214538742
226263928
210723635
3861903
3834319
216629672
3942026
3967091
3910419
3874147
3932543
208738967
3785784
3808690
3928683
3869512
204575055
3877431
3794697
3936990
4111426
3935335
3931702
200441786
4002117
3910035
3878299
3940527
3745032
209428151
206087327
199448235
208654791
4046998
3790864
3915257
201952714
203192797
206432819
4075831
3924808
3728360
209407119
204082878
3884111
3987986
3836536
3786058
3817767
200244579
3799189
3780009
4086588
207396264
3953901
206065904
203061801
218990075
199635207
3887945
3917573
3903381
200416060
3760237
3889726
200110544
3796802
3813516
3837122
3845534
3794849
3825647
3995608
3919852
