4467045
213413843
5511981
4131124
4102696
4265873
207645674
238230233
6179423
4286412
204981004
4224129
5378805
4258088
4287770
4185617
4331851
4257649
4345393
4354444
4204982
4446806
5763277
4296125
4339259
4295557
4287285
4207069
4228641
209350822
4262514
4432639
4396618
4266468
4206837
206985002
4375982
264956798
4239843
244439248
4293200
4264279
4336638
4165357
208353082
4140761
4731564
4170109
5098576
207442198
9360637
4612566
262461969
4124625
241201670
207841428
4068686
4214571
207515257
4145626
4132790
208513136
210807744
4135318
4450933
4586286
4187579
208993507
4288705
4220161
4275765
4102233
3964304
4191110
5044311
4188625
4201771
208486743
4308899
204690163
220351277
205659426
4061552
4085563
4299079
6681219
4164627
4170190
4176420
4286271
9864363
4432499
4361754
208603134
5160324
211387776
4234390
210334448
4232430
6732478
4192009
4250286
213879127
9146782
4307373
14787232
4370856
4230195
5497809
4269095
4270167
4187753
216082132
4122034
4291596
268062418
4247270
4120884
8190508
211693043
4124916
208772769
221312634
214161982
4197717
4183074
4220890
4293353
4134352
4363224
4154604
4244082
4385642
4237585
209953669
4095252
4263824
4158051
4288327
4182191
5199323
4144356
213570801
4210843
4158846
211875503
4199999
4267179
210754333
214857056
7894239
217906088
4126195
4109074
4153109
4122866
4360255
4328382
4197756
213323692
4277763
4360191
214739328
4144044
4208471
208091062
4129805
4222165
4199295
205525521
212211480
4219241
207517489
4373686
205374831
4084264
4165673
4185454
4366845
242010206
305629869
4269961
4211846
4090361
4194740
225042710
291432266
4877421
205671625
288561608
4165034
4145002
4315608
212052870
4511612
4388459
230914762
4274256
4356566
228331118
4173318
4261684
226441622
8989981
4285984
4230201
4273793
209479191
208487041
4398458
207377811
7121457
4478179
222284261
4185571
4331549
4065837
4196954
4309177
4354308
4225241
4216197
4272115
8184876
208802212
4228743
4215019
4189746
4209962
4139582
4174576
4326142
4310341
265277935
208583740
300743303
4300096
4216183
7170139
4181526
4354003
207505785
4122411
206282659
4264470
4130560
4088827
4217519
4272005
207410015
4199535
4248837
293232083
4574511
4257706
302443971
208833725
4177443
4170809
4244344
209276282
4207574
4159801
4268734
4998585
4179202
4193710
4162096
213523831
214061838
4222842
4333044
206940839
4123958
4043554
4397070
203947610
4259253
4124260
207023883
4315272
4180516
4126685
205661181
211950138
4368345
203719863
4113386
8672105
202860166
4228845
226455999
9417109
4424617
4223954
4264652
4106412
4168992
4108651
4319272
7561164
4161849
213204234
4199764
218936236
4201238
223739660
4114496
214016015
216043379
212486254
212844141
213285978
211944854
211195382
209073411
212128528
211856033
209454646
210715161
221659905
4334655
4091204
4073525
4073839
212029452
4165359
4219530
4117274
215993546
216796594
4246880
4217668
4209061
4082931
5030552
276003336
4194690
4404916
210455341
4213963
210930719
4151763
4094299
4306277
4333577
210527285
4294841
4032731
4693129
4301842
4471817
4127899
206347265
4167543
4143289
207683892
4178686
276262798
4334929
4479737
4148109
4029181
4320600
4224911
4339858
214436379
4364783
4479055
4271484
4079592
4238175
4407135
4417225
4152002
4185633
4117436
4257895
205896230
4077020
4164965
4220186
204751871
4112746
211418293
4297038
4239964
4221818
4259579
4111930
4104309
4441923
4153866
203077109
4046753
4119051
208711284
208407616
4266958
4220594
4180850
4230551
4140786
228789318
4389695
4293203
4239100
4316309
4253233
4391071
4478615
4240263
4301463
4299809
4246894
4228407
4044721
213052396
213403559
4372282
4243831
4327867
4129656
213622627
4162703
4266743
216524035
4153959
4214125
4306003
213995577
7232676
4125404
4262978
4233593
4246478
4274081
4058385
214018717
4358681
4485741
7171091
4344651
4308786
4108243
208970539
208471583
4089278
4219606
209756136
7659496
230487458
4346180
4192175
211306356
7871460
4061007
4272606
4295565
4171180
6621999
4160311
4090527
218091290
4169203
4048650
203104656
4162344
4273134
216687958
4412878
4195585
4215194
216385078
4138515
215838685
4237846
4203214
4123753
4193570
4306336
268880247
4371842
4185127
211032378
4255565
4236700
4259230
4186163
4216434
4132557
300356805
4228460
210556986
4134000
209819404
4235937
4170795
4144024
206030948
4331027
208309795
4824432
6133347
219120785
4175195
7798475
4220909
4201064
4315527
224125035
4196046
4221978
4181233
4062340
4263650
207380377
4030680
4219478
4360753
212599878
4284671
4080066
4124801
4075554
300578821
4149161
4220694
4350768
4132385
4252822
209656278
4205442
4190650
212977081
4112906
4215001
4263454
4103851
212397507
4126103
4279538
4040346
4349981
4109331
4151696
212154445
4243972
207743446
4265511
4385982
4227359
309195075
4328793
4112676
5541225
205342986
4236444
4364781
4099822
4187115
4195408
4189512
203579823
224288831
4176250
206941744
206701223
4094317
4223561
4073186
4231230
4256623
4263451
208829415
208174636
216426989
4267271
4835059
4193523
4214012
312432837
4333902
4175619
238056718
4231864
216705892
4199570
4158508
5888288
4282571
4319885
4103744
4184250
229187567
4218816
219449140
4172323
4006476
4169244
4269029
4186208
269053832
4313918
216389117
218476237
4147288
4243361
4071790
215144994
4234795
4169376
3979801
4309880
4167047
209261956
4131121
4224189
8990604
209880037
4199878
4155647
4222466
4221899
4217289
4086059
210889561
4124321
4264654
8762375
4243199
4213349
4097455
213729060
4151911
4106012
4119781
4276756
210132784
3988791
4342715
4143261
4369475
4204457
205302581
4121377
4321401
4186364
4313172
4198308
217512630
3993488
209010544
4131632
4254157
212581839
7681136
211504889
4213111
4225098
4350072
4112806
4154939
4107835
4137355
236495730
4119954
215771597
4246106
218164362
4141130
207871107
4251913
4182232
4159283
222609144
206893511
4077149
218706970
4148069
4070133
4092034
205867378
4135247
4431564
206370199
205419304
4105869
4278152
4031311
4184115
4230950
4198931
4164334
4194480
4175982
4080315
4068934
207763670
4241276
4313966
4117051
4189458
4201785
4178806
213015662
4349201
4201415
4131487
4229672
4169288
4140985
4123364
4291331
4216759
4264370
210062308
217408251
4223065
210770941
4163816
4098258
4185697
4113099
5114140
4246993
213901260
211568795
4087113
5315634
4258987
4211302
6600851
4273811
4249270
206255563
4109131
208647643
302022109
4044551
4246818
210957872
4198774
4332003
4200042
4070410
4141675
4236478
226293125
4379757
4113082
4045935
215944767
4169103
4083944
4070683
207632025
210113493
4283001
4133405
4140179
4275230
4156037
3915221
208500685
204352604
4072961
4035747
202500315
4350943
4186977
4211713
4318390
4272737
227867069
4153773
4176156
4087420
4232988
4191419
4128808
4141984
209452430
4239563
4242463
4240813
4199649
4273828
4164420
4232607
4080857
4122205
5006587
4277635
215890402
4264384
4143792
209186498
4098704
5415966
4106290
4204182
4152112
4062387
4128384
4249556
4211485
4159499
4192843
4038580
209091806
260853976
4369879
4148573
264015383
4225359
4117409
4207425
7090192
4090900
4170030
4235211
4317085
4077141
4116168
8114933
4125076
4403139
216575055
4133536
4170349
4089344
209698538
209215118
4205861
4283746
4236268
209655785
4155619
9666278
4204570
4297235
4132375
4109966
4207750
207617541
4047205
4177763
4137772
234981022
4224171
4072673
4244002
213302798
212545055
4158300
4093558
4103697
4237569
4130138
4013603
6830870
211196317
211881979
4214319
4138111
4128288
4186800
4047166
4220647
4145639
206988142
4123316
4045580
204779683
4107005
209805116
4234621
4068447
4225925
4210515
4263449
4098859
4224841
4113100
4232419
4141792
4202361
4095990
243045543
266053163
4220054
4263429
4193999
4157560
4092494
4221678
9390952
4158086
4155639
4120239
4188093
4265505
4218705
4096276
4113311
4081527
4241461
4274534
205906023
4303344
4037732
4214362
4091411
4940448
4166237
212472472
6541128
4209546
209980841
209404039
212148873
4227871
211150660
4239832
207151190
4085903
4255221
4221183
4248424
4203467
209718888
4087901
4085967
4191132
4256317
4169239
4105353
4158376
4114713
4250283
4160200
213104734
208493781
4162642
4133833
4176927
4236917
4040314
4269086
4022168
210405398
4269492
4340607
211908118
4050448
6889014
4270065
213161720
4040954
4089789
208594480
4084548
4093423
4220887
4313897
4186063
293540413
4214023
208743641
4194920
4305698
4210871
209678350
4166065
202692276
4347568
210056963
4150912
4082497
4197362
4174218
4049131
4245631
4109912
220113607
220585542
219219921
219642096
4146985
4197342
4256480
4212513
4233823
213306371
4279366
207616824
4095360
4095179
4234529
4087285
4292535
4076930
4171273
4221659
4084942
4229760
4130745
4188945
214803646
4210746
4155136
4080377
211217542
213393842
4085306
4281659
4222543
4186278
5869224
4165211
4187947
4292708
4286824
4240750
4092442
4106397
4114320
4216681
287133409
4381609
4177180
4131057
202867653
206105011
4212343
4161459
205570730
4280531
4177117
4343528
207564664
6733578
4326786
316817285
218237840
210474123
4138655
4257373
219846188
4172452
4102731
209048981
4124426
4177713
4213286
4263461
4185780
4085482
213334986
4197544
4158251
4154868
4121665
215488414
216236220
4099225
213972836
8069228
5617268
4230377
304401398
4207392
265386901
4117532
4189292
4124024
4106663
4197625
4089431
4131661
217504587
216172565
4264053
214333087
4221240
4116424
4306192
4142478
4214491
4121807
4231801
214733564
4190823
4045371
4236148
4182395
4159728
209750416
4217707
4183816
211615796
4296107
207415182
4109309
209054126
4173935
211614514
4081308
4154085
210742169
4200287
4213532
4246345
4257700
4215561
4176057
4159750
4309512
4125946
5974473
4177808
4202114
210219978
211366996
4123860
4233085
4097710
4161288
215482740
206747375
4094697
4198218
7827618
4244579
4214873
207160419
308723935
4091810
4138828
4283085
4153548
4126516
4107805
4110671
271683734
208597860
4170423
4078151
4160138
4198225
4094435
205814646
208597413
4118166
4071332
4233783
4037229
210176383
4070877
4191927
4188763
208908796
4235782
4195405
4198476
4068467
4103370
4196549
4265232
4115242
4191097
4207793
4227792
4170186
208933451
4233923
4230807
4054318
227266425
4498269
4152645
4175868
4087995
207639433
4277778
207308530
4053479
4254037
4210738
4135346
4172543
4036977
4050558
4170985
4278855
203620992
4174943
208682337
4297220
208598421
211521529
211329820
209011799
4174636
4288752
202958401
4005250
4054940
212768047
4295129
206655921
4060338
4405862
4285552
4167866
4196584
4155333
4387133
205103475
205459425
4080422
4083889
4051272
5057253
4201702
4067551
4071834
204904882
4223991
209895705
4247600
4148334
4088454
4260019
219061946
4151171
4125074
4169322
4212595
4074147
267759940
4180873
4105585
214952268
4214406
4159284
219049082
271257142
215095404
4156816
4197556
221001232
4198528
4258456
4231762
4179017
4230518
213195732
4111960
4094560
4241938
4175761
208911207
4211446
4089911
4290554
4431880
4226078
4249889
204738975
4695862
4224395
4209991
4231618
4073219
213769126
210529082
203781446
212986689
4327726
4089147
4214828
206404338
207518464
210877954
4404434
4235855
4055459
228371597
208513337
4195812
4267984
4135573
4094477
4146854
204797462
4097008
4110210
6865073
211791470
4294432
210328727
207505602
284327302
203884891
4211865
4216418
4256771
204771098
4074040
4172218
204472932
4081059
4179714
4130093
4202810
4108071
4112863
4315889
4244946
