11770285
19993629
26830250
23533556
628959022
2213851625
2247713530
39440900
40652624
2728783579
2848197235
2850631930
2887640360
2828217272
2802086649
2882966654
55706303
2799165330
15776485
46651677
27829118
35595287
45051893
25614290
7793227
64771786
2944333301
3006610098
9752835
2937472398
2966871906
2867764047
2988366285
2983467548
25721390
2951154621
22541540
57688079
31764406
3243257642
2911219528
14068956
60984516
2839331760
2816671639
34699086
2907448254
2868049209
2927918241
2954504451
19566119
2984904844
3058260647
41709501
27644427
19936514
3032853498
2954413466
3039088094
3019492645
3105232274
3082822123
2999715021
3056553147
12945595
3114341849
11450290
3077718054
42956568
3065558387
27876070
3079796502
3052280641
3027569596
19630660
28295013
3048217519
32735203
47862686
2946545729
3009070233
2933846553
3081682923
19468287
51309458
60404151
22012826
3226052376
3082744733
3362351958
3014869551
2979479204
36604927
3001667317
2970874039
2978477612
2953078392
2939406797
68594208
2954155790
2942084818
2980711758
3000353750
40266128
3073396863
2912640219
2867325210
2926045677
2901784091
31694049
2921863828
43824704
2936388399
39429481
3169915301
3009969127
31496860
58998434
76096783
2911457824
3044487973
2931634734
3016376555
3000171449
18791992
2933241559
47758820
2930489041
15726316
7111264
16328990
2974580245
2960519000
3222641594
20773157
3006335782
2882099801
2918324151
2884846083
2840383637
2944187992
45741642
2862011521
2842075714
23144855
2823568887
2789033138
2903850684
2979282285
2832142620
2859235289
2874148432
49594037
2994002849
16477679
50137043
2904185273
15485612
3022834468
29523891
2899196387
27551814
50264253
2948129084
37023235
3121275072
31203897
56511614
2870425271
31800667
65502406
19576665
2779481919
2962640838
2875227659
2927965534
2863724578
2868909876
45621000
2999509180
51778320
3034254625
11686123
39960609
3004136155
26606524
2992352740
3039379664
2888587183
3029349949
45397620
2959091929
2992346014
11611973
3003038219
2969545535
22179055
51734652
18185528
28095713
47811626
43729690
33812667
46303132
2843918271
44656122
11903703
3014047882
2881355046
2865455015
2977967045
2900775193
27803830
25034515
36432035
2827519631
2910579298
2951520802
36834979
23991029
39467410
2907543342
42927158
2849073414
2847357262
39044886
2853767494
2865234163
2826029613
2821373513
2908285562
35317386
2939005380
2983986669
39971868
2970379930
3138641900
2963852931
2956962291
2979468916
2941216638
48833939
2989974340
26352075
14705251
43907429
41706353
47984072
36009274
2833418000
2836138196
36052165
19795027
23204027
3046484515
2930129102
2915055096
42152151
19515281
2917908605
2913831421
39973376
3046162184
3085862848
27680581
3214995121
51743716
24929962
3001229590
2999214277
61327880
17332571
16274093
43833404
2945745840
2994929763
26030393
3057358135
3000961691
34694562
3003283256
31266199
22926308
19843595
2832098751
2918564979
2857494445
27132826
39122258
2993424129
47352372
2969250027
2983269797
3016735735
2943616793
3026777119
2984574761
29408417
3072844759
3076259657
3073339874
3109129086
34430452
39214284
3003937069
2961343882
3042958364
36118231
2966643922
2961787153
3060445329
3084343947
3017366526
3093038039
52646937
3211718513
3024502443
24023474
3056447666
3062854149
15656349
3101063260
3077802294
3179594091
3108437029
31951817
59810391
3202108359
3158784795
11470904
3150520093
3084705741
3055447030
32623488
34907922
3111484726
2911867381
2936420375
40136588
3076377124
2905030084
2929779019
2935583346
37676460
3032381865
3066036067
20905892
11988398
14111305
2969759953
2890665464
2918421547
27815700
56576405
3128368020
43425172
3065376765
42743171
2996878777
3017418598
11836219
3052160620
3042650909
3130258715
2998773719
43779788
3089642651
3070078009
3127597629
3446091331
3031977702
2949155418
27650878
3056060968
3043786143
3423273135
23023693
3043710435
33813853
31748860
2976333770
3034369150
25578460
3050472194
3212798516
3068254775
3024590105
3012784895
2952064786
2837037679
2780481692
2984142761
22516303
56130441
2941171091
2922459950
27547308
27578367
35764868
2783931765
2868676709
11714509
2904764117
2899916594
34939061
44618367
19253102
31836616
34531922
32133520
2902044449
2949118325
2956047285
3130260212
2990073583
56746029
2964147466
2980003924
2964149454
15659661
3051272226
3041557611
2844882555
2919897914
24213896
2838597023
2948658755
2920874551
36540163
62767163
2959893056
2875886795
2816840776
14533310
31291257
2977629585
23185198
2936047407
58478066
47872373
2921240542
2898493358
2916329450
2992972235
37110088
3406325763
55998746
23576076
2753381639
2848230792
2884756190
45430105
37105990
2868398493
2952365041
23778433
25434758
2840372347
2869040214
2889845061
55939885
2798082967
2892251846
2841092290
2796441919
2987866144
3129991585
48547562
31499749
3142099143
2960726608
2985349163
3044185950
2957627536
3023782945
3119723846
28435076
3416459082
3058928657
3045638640
3065225523
3043021845
3032442759
63577911
19525985
2954589594
2990312878
2919397931
2947151331
33837482
2861529663
23003578
38481859
2884898558
37705729
2931028789
28448924
25501714
2892027029
2899908625
42050000
2910759059
3011558693
3009831093
20966815
3106279171
47968803
3086695523
15679140
30634156
39098236
3195958791
3455592533
23996163
3423220401
45884585
3094663936
3082359219
3450294748
47199152
2978649352
36971419
2861866101
31669636
2887443246
65023720
17632896
65935008
48274658
43836339
2857091651
2802303199
2889105218
2865591746
36083879
57439858
35664056
3279078531
3354891433
3020331943
2963418880
3025614772
3108038102
2968508205
2978234112
2931226935
3047916273
3105326640
2929555217
2806092637
2887581405
2946070158
27816944
2993005207
2984136807
49192200
2793945649
2821333197
2879495330
2930063123
39814394
2910923649
2890209010
3025842855
2902090628
23498449
2993492195
3336239902
26064960
2923038612
2921741526
29805811
3035765011
3027614180
3027700133
3055552139
3069721978
28259430
2953900213
3034197043
3057138372
3071836770
3125405097
3157508294
27628788
38963741
23838065
3142617600
3114665695
16056958
15606962
3070870005
3111597895
3011385930
3021650231
3023348321
2982477474
2987182104
24083628
3017143673
36980966
32869625
3037386531
3027666670
51691007
11855188
3051182639
2908767382
2965903945
2906555520
2945112291
11719782
3002379672
2939670833
11381900
18578099
2969776497
2947034811
3143050751
2892134198
2912456258
2941427555
15948224
2919545547
43569225
3007624065
3038628799
3479305759
3032311608
2945842066
2978710506
30114147
3113038777
3031111156
3112411504
52289816
3040140655
35323645
3036043913
3033198542
2994464219
3023732953
43205489
49333862
3003749756
3025290146
2914531814
11267337
47379440
2993165919
2960929746
2910728646
2939155485
31518698
2899115485
55886672
38605990
2872137488
2775187276
2911970391
2780170266
41989213
43040941
2933562547
2984279836
2867822203
43288521
37234653
2844065130
2973851541
2933627218
2861161312
2908205833
3111359871
3017823434
3130300589
3105244876
3065344455
20087189
3148378495
23346781
3153363198
3152292703
36899605
3125248057
58416604
19048280
19675065
50010255
15979145
3108249117
10484775
3173114841
28041209
10796115
3088072546
3010781226
2995379979
2982852060
3034461000
15379366
3124168722
3168010451
18039860
2902406224
3015995176
58428346
3035409834
2929128862
53339182
2973528379
2934111672
3052609493
33277767
25061035
19591433
2853350263
18988312
2856702980
2916005403
43803972
52526180
36527683
49212227
19109763
28677242
20069360
45647602
2930742803
23586820
2911387930
27797820
2892928980
2920732602
39906895
3214478463
3000565613
2981308474
26947469
30269717
2860923660
23404908
15923279
75574686
2947405733
17963340
2905996997
2823196463
2947277541
2986650561
2999681381
3040181427
3029948848
39807791
3025897425
17481924
3020753539
3072229978
43857964
2970595382
3041617647
2999398196
3013273713
3102151018
39777251
3060591314
3052992948
39677637
3032687037
3454629936
3026521564
3044888236
26975767
29227286
2883463635
2969742447
36290282
2954629384
2912619576
2842364411
2894859601
3007486368
19430837
56577239
2904068441
2937575864
2955915652
51385815
3124499570
2926872427
35898927
37052333
42892694
16724864
2871046227
23641524
2908385567
38489728
2981781603
2948982190
2915525515
36025625
3044558125
41498065
3059705735
8841996
3082094097
40469038
37566418
36721376
25210386
2962628013
2907622175
2873535197
2933126154
2835102965
2926902614
2782810036
2844381615
2795715093
2948733266
2858023309
2780124161
37634580
14574965
2749785698
2786546014
59081211
2767025452
2814901536
2847695358
2987877789
2901627892
2923410471
2864814861
3000591409
11548339
2855289609
2885458596
2942883292
31613057
2892529809
3037177944
3017119671
2914968301
2932986272
2803756222
2841267259
2829591710
2792356415
2890240795
2992175612
2834825411
2869302142
27610865
2897726710
26766833
2983958431
2955944426
2938935340
2860260315
2912044953
31338689
2944546194
2777763664
2914889470
29917571
2952515440
20842303
47903975
26972566
44275043
2893715547
2835851113
2948237004
24765338
39599613
2939819712
11469091
60112301
31393536
63765372
2832560017
2985539990
2965571068
2996200670
54171972
19758103
2981154635
2910047805
27943938
36803989
3054812720
2935421584
3029935807
3074170127
44550050
3049101628
2971656222
3001892383
47626346
45487715
3198103850
3087913272
3265310147
29078488
43990143
2873135751
2961700177
2946264520
2967616478
41624238
2975475920
2960736677
25171906
46778838
2909685507
3063090681
2972549088
3053291764
2929868429
2924398042
2983127503
2943923240
2897053577
3459231392
3003346007
3063983197
32102839
3036380549
2977751776
21697121
40271880
24387595
25510060
11775334
2981874805
2950363361
2971630100
2966923682
2942548280
33163818
2936151716
32825909
30942305
2988704657
3053338900
71668623
3050271868
45602766
3066066686
44223816
3040791590
3081583021
15052249
3096263071
3126572530
3154177395
3314785086
3113492409
3154329467
39562507
42326065
7647731
3109294489
12512124
47996209
36004846
33895503
3072457048
22146898
45090880
68735283
43064536
3101157548
30236656
29104585
3037197222
3494210520
3062304692
36735959
3015070909
23577960
3001659919
3141371405
2934817762
11341268
3037224838
3065783480
3015639109
3509461204
3031686461
30743704
3046660673
3138141038
3027496245
3050307964
3025865048
3046436704
2943562001
2992907023
2940295183
56458054
3096789296
52506208
15566197
3009303601
3014502766
3215307588
3048396205
3000482710
12772288
2987559519
3001720699
2932447617
33468070
26221762
2993810808
2849864566
47789463
50150757
2836446427
2836784253
2831211011
3088536337
3080836979
54737096
3051836038
3005866063
44182476
3067746888
3094476612
36993769
3055514958
32169175
3106873352
26493553
3155808467
3166051333
31954473
31474718
3143361037
3114218505
3085428023
66121890
23908232
3113857954
36092384
47167195
3141308269
38508451
11507042
52067939
3173677133
3054245134
3152546407
27794457
3223487984
46429663
3139877524
3629663028
3163842512
49711976
16657241
3156573792
3166669349
3145377338
3070694115
3112355004
3132468263
3086633964
3091401609
3035584189
3012750160
14316546
3115745651
2964266898
3029043647
16238269
43671357
17266307
3104929738
3066523111
3060809240
3013847401
22011064
2972637810
2955556437
3004564766
38147300
33049703
3003032762
2960466476
27790946
36310702
3030099006
38123170
2968499636
49881973
2875221468
3018350305
2885881440
38472035
3123421892
3038418108
2994231417
29792828
3059311591
3052002809
3053871738
3048105017
3142013511
3007567304
24771180
52104725
19470810
36885332
3570169553
71775169
2908708316
3010969467
2931073072
46668833
75954953
3038700691
3006042567
2950823652
2979266866
3024393501
3073901375
24426126
21584085
3109175448
11744729
2894248895
36511142
3032982429
27867515
3055813103
23837216
2990607945
2918578610
2839084278
2833680943
2959445057
3128107367
3028833798
3159509189
2936983736
2975899594
15380245
3080009868
2941788963
2956451171
2949174499
2943082968
2956790341
2894631819
2965222577
37974622
2861405734
2965703680
2822920039
2920973425
2948238940
2947587492
36237352
3395150420
35758498
3021839283
43187492
51247590
2842855292
25932956
2918249376
23899392
2882380925
2886786310
22603790
3011726364
3005520773
2968492905
3029041307
3011583944
2974664621
2788240884
2766495399
2971026171
2858401774
35926747
41891017
20445525
2924840186
49624955
2971459877
2881187011
2855153860
32192745
2925015409
2881268274
2860012998
2852723255
2966134180
2974458270
14576257
2987272871
51799703
46727967
35297690
3043756438
3225865040
2923256232
2905729097
3306260279
24056924
2978987743
2987519426
2926958903
3081035344
36021362
36748821
19492508
2978420609
2985373010
42021690
2992615024
2939224709
2998006988
2992720616
22346086
24355624
2904903869
2872308859
18750259
2923602890
2962457350
37121643
31516002
2986697513
12046088
35377683
24702093
58255609
56354076
2926576789
2842025936
2962406665
2863426051
2950322921
39528867
29494397
49264313
2939946454
2917599768
34859317
2785671576
2903067597
2851162934
53084950
41020589
2976277500
2991251881
2949856983
2946847397
3068400108
25782388
2980005256
2943187641
22609395
19575170
2976246468
3035691316
25377345
56516616
2967097595
3365325312
2867387933
2890944005
3006767679
2982848667
2819982246
29798510
57635923
2708999833
59119910
19772880
47317582
2667978001
2739385084
2724290135
35931118
2952014060
2952246103
2921978582
3060862112
2874807566
2945169544
17938240
2973328871
21467530
2951584492
3032153274
3077412183
3093863915
3083324136
3124543047
3074129687
2992523507
3122718668
3023580824
18922842
3084104201
2989082838
3054929427
47430666
15565763
2952696273
2911398303
2989448562
39748109
2925813238
2913396388
2921155885
2900043161
40908477
3016718074
43637522
55660646
47885518
2980058131
3015843708
48495178
3318153629
3029907902
3130186117
3096053417
3148111121
23839284
3186002573
3042146867
11496759
57789327
3081285361
2956479530
2923884572
32775689
2987559091
3086806463
2926066855
2936500793
2996788228
24201456
39874445
19715864
30596259
3126395575
3114202889
36049434
3039113995
3116938189
37875245
2992326476
2941458695
42779543
2983041639
3003202125
2987820500
19125896
28596236
15826704
19552954
3062807324
2993404957
3007016836
3029447627
49867908
3062518247
2951851687
2886453271
27544663
2916149166
2905172559
2981066351
3021370992
19518169
3027268699
2910557220
40011548
47670428
3379686444
3147015364
20028401
11872128
45020082
33683430
2970148142
3139818895
2994024411
19429277
31300259
49232258
59699855
16988144
3101743351
3029434389
48640787
2985211418
19502258
3033223343
33181146
3026223815
24030096
37512917
2908085479
31770457
54066011
3454718420
2979865592
2965076815
2953928318
2966607270
3004317556
27109076
3313869079
3018664571
3013537121
2963124944
27273721
2905470630
2882390084
40969860
2877318372
2981125193
2935285550
2985319042
35290833
35660289
39824997
3025449239
3037575408
3055413277
64827242
15552102
39738064
44871744
2930147121
2945538924
2897364505
27686452
2923852684
2914511754
2780484385
2880369030
2806160478
35908416
31981483
2892146256
20251794
3338378670
27795871
2993399432
2923638126
2987553721
2896207289
25189986
35766764
54995020
2809468424
2948796837
20535793
2938644017
2944284595
40056062
2982512314
2890433084
36977604
3018370995
19450683
2884123237
2902284955
47859653
2995712933
43605956
3020974154
31719165
24272827
36018716
2998783231
2930134932
2965590412
3299342845
2916254451
27692539
16655929
31536476
2958981564
2972667327
2896863536
2886483098
20178846
2818657966
41224513
2849647457
49887227
3062585862
2903576487
2966721933
15332996
45286059
3123108770
2945599422
2931671714
11632821
59696800
2902666658
2786094603
54544012
39771136
33676144
2982333531
2970759950
19927463
3283735015
2979672241
3325602946
55581422
15709734
3032874116
2952860745
2956020593
52041822
54931547
24237593
64762900
2974379239
3015048976
27647732
2939769734
2943897197
12150950
2980652930
23593307
2926250919
45509713
2931889139
17344972
2899889793
36365540
47569320
2945192216
32129813
47570239
3004006031
2972036019
27310104
3017455162
2832047803
25974044
2960844889
2987801932
31697999
2892679439
3014646687
3029073540
37051704
54885558
25007902
48070361
2955612399
27278794
2961182581
2979946202
3041433524
2959129258
3051404456
46805196
2985577346
2970768666
27856143
22969323
2992638687
36614998
7413806
35362598
2992651952
2914248849
2815366594
2820952553
2889887928
2954787139
2980386441
36522765
2938396085
2957406506
15192571
3066701508
2982193206
2948747988
42450483
41603447
38131054
2939821835
2914612889
2966637113
2904398264
2915895505
3006135216
2914530647
17033992
19766135
3002300825
3042664616
3154487183
3106697969
3243828826
3106273790
3024443726
3089014451
28893070
3014197545
58065827
38575567
28001281
3134003779
3034717279
3040182220
39225395
2932895451
3028665958
23585481
32921516
3032202365
3045621004
40221969
3348199212
55726186
56643968
12174362
59768067
2934470454
52247922
2950022145
3188685361
33149838
2983141906
2911475235
2876052485
2965432929
2910747265
31350346
38584936
31364106
24031194
10155132
2900154163
30470232
2850783236
2885550054
32849339
2932445631
3003964845
3429566414
3042464478
3029966263
3073742451
2989444515
2940395642
3051243612
35377557
35703790
20032674
2969573401
50793036
32603669
3010738406
42087335
55770308
16108647
23595547
54455938
14748882
43346507
2844587621
2897829903
2928019598
2994317769
2986897406
2991016573
3023073167
3016503676
3010035138
3014161862
22550376
19698270
17336476
3136612661
3076218243
3072350685
53165012
3072941955
49360914
19943431
21225292
19648203
3016137726
3005297771
15796303
84471785
3047995491
3008367632
43269170
37442373
3042228174
60185173
3059644689
2999349340
3009929743
3002073199
3064129165
44883613
11900178
3030033694
37893491
3100140976
43269433
25458933
3045764233
27686434
3019749597
19169232
27554745
40489057
39640338
3024827365
2978659261
19848367
43790123
3011832108
2967967544
3018172527
48195729
19300391
43975117
3005154113
3038859393
3031517022
25549016
54958648
3002531292
2981434216
35813599
41141528
23933890
3003257084
2990702424
2992046743
3011293851
30505298
3038475819
15678390
3037169570
40272509
3127665837
3030047485
3084865321
3079563570
48823147
2936681906
19693802
46699416
3128972483
2975081482
3010218370
49109219
3419420267
3025421525
49989049
15975678
3011498505
3000719659
2997411094
3105694896
11376466
3020971485
47969406
3223463606
3084193940
19552122
44850592
21628064
3377573566
42928814
10907787
2978292574
2859168611
2906858999
2797512287
2937105087
2874651497
2827349654
23472430
27408545
19669309
30422778
49757357
24274560
2900791733
2778388599
2793436128
49053225
2742131743
28431052
20966233
12682671
2949299022
2851961945
2779649619
21996490
2823960631
35784511
9450837
35555403
35295929
72438564
3234355672
2975028873
17267262
15152180
2880550805
2959526344
2897599757
2870911177
2783932119
2974512147
2907462794
2891757214
2842388992
2932752865
23081572
50580699
3010609332
2962649381
3021164899
31237592
2925498467
51874688
2970951385
2919675162
3066476251
27812451
3061734450
2952201625
3416676111
19004932
2961503801
2903995839
2922406030
14687253
2917702563
2860617650
2800499674
2818319173
2884737801
2902171364
2934626254
23459808
2989171216
3013224324
23381465
2988959723
3403038472
2911927196
2898934411
2960444361
43993082
2871910917
2930705396
19697322
23719757
2907974783
35309452
36127493
38342788
40463532
11798759
52809998
2851487253
2827259333
20051078
48008854
31853380
55713670
2790253168
2868710817
2906222258
2842157824
2781440271
2832883035
2801443507
16233278
52386420
2943265708
2951718595
2955976907
2967919180
3023096709
3064700088
2961669667
2992315506
3076927789
2999923080
31637855
60198738
3014247560
3051577262
31796230
2916562890
13728412
2990694038
2987947581
3085082800
3038308560
2977242253
3052895867
2981864088
15801632
19564775
35812219
2826080386
46119483
2890477585
2976991856
3032768204
2983011015
2854113974
2883503292
11767186
2939875613
24223182
2928880952
32264001
2915407943
3184788745
32600974
2933593621
2732820784
2862378360
2798118771
2804412193
43579972
30865519
19850038
44533257
3349284918
47261347
2872888018
2804258768
2904048072
42785189
33703382
16387617
23696432
31971603
49075776
34192111
2780581979
17899351
2964420224
2789472685
2916575386
21263394
2848913800
39257576
2904606364
2873882965
2908425041
2860585180
2852298320
25725185
19893935
35539108
2938579175
2888444532
2882921565
2923163767
20367385
2913512463
41920056
2861247585
2877477870
27625169
2859241916
2817660777
20076372
28337127
2900170031
18021001
42544428
35227495
41316622
74242926
38848821
33231479
2803482306
2902040942
43920237
2793849364
2911924072
31745733
43191079
11711461
2947019123
2833462248
2831269394
2965674331
23753407
26102710
2979019561
2931062648
2945954653
30890538
2894580468
54102920
11374550
2975287339
3039458263
2785122088
2811187839
2895974929
2871063540
16959815
35737099
44500668
36247351
2852455276
2816278030
35977192
63596758
2944382420
39213699
2921668199
43757481
2810830497
2928976096
2863499948
2841063822
2883279336
52495316
2991054154
2939357082
2867212851
27653470
2990557361
2961783239
2922137118
2886083688
33958003
35733109
2909199711
2896391131
2882131720
28861077
43365340
58927849
2938671213
2977063617
48261541
3226807558
2968049548
3023388854
2936700856
2905692359
2912944879
2968639806
3432454062
46427898
3038001163
2980127318
20584200
2974723880
2904810246
2922850626
2836193255
2942081835
2998429585
2962238686
39697626
15355213
48394071
2903101177
52275196
51849944
2955009336
54557101
2888708244
3059044045
3429966590
3000809248
3082584577
3062195051
3038350064
3040541137
31824956
53631807
3120408796
3190780387
3076311747
3047090028
3036731682
13239270
3047439734
3212007514
3113270062
26533869
15824226
63924776
29131443
48846274
20198682
3174671899
3009063109
3154763546
3091965778
34730979
3271614695
58753992
3065097154
3067645223
3056122413
3095049933
15467767
34151524
36090646
3146923780
3164353220
3038410221
35051027
35950889
41277622
31461723
3087060797
3070512790
3104053122
45211738
3025123630
2998203527
48634635
35942330
3023984286
32640396
2948460202
18771844
24784150
3122986039
3120973964
3277856866
3204836770
42385109
44222464
3123075705
3124175468
3063562514
40977110
44128794
41413882
3089729185
15071694
11643035
69252328
24399365
39293483
59971908
27938593
2990078573
3026859865
3071043916
3053469737
2995129757
23726622
27454502
3015831090
3035587662
3059955956
2986711257
55528155
32565353
58480180
3065008087
3084369466
3018893687
2927474451
2963196888
3078731160
3080691749
32002238
3050909916
3191501175
3126404256
23826332
3118441479
23191562
3124439196
43791930
2985248009
3191591854
3114515023
15687347
3116057177
9218916
29503297
19796631
3033721225
19629043
3079748901
35743832
29705257
48535900
3074238403
3049485503
40534756
3110811382
21188931
2990975542
2941944091
2962843073
31728983
3027357292
3035255635
57717829
27692845
2943341671
61941572
3007100596
22166285
18459721
35374765
39446179
3012586405
3006522944
3049221710
2915159133
16169445
2902748042
2857260787
2962754211
35768791
2983240930
2930799337
2962995334
45040826
33401173
3019206443
3033584117
41551758
3004389953
3066423439
3015800283
3016684651
52716344
23566696
46144919
39631226
27777092
3069017744
2976491522
47851084
2994167916
48066794
2995492451
35941105
2964559882
2872692781
3017401400
2919613149
53389451
39614152
2954169049
3021526864
2922277039
2885223062
2901464279
27032408
2949621497
2980958515
3305886101
19604227
2959141782
2904317164
40196354
43317198
2969435737
24778262
20651235
2971219698
2763928356
2757229834
2975556904
2934502927
2908678434
32145708
2889910116
25684828
2970193656
2929155357
20217902
24720891
2881385687
2872824043
2926389970
3027907506
2899342804
2959045403
27006911
18301966
2885356946
3009479024
3029759330
31011603
2958264131
39939886
34287873
42131628
3027590300
24305324
2965072958
2861313249
2899515673
32027924
46901064
43633138
2944103656
2864099735
2850517033
24175075
2843641351
2905737959
24135220
43389811
2862550868
22283959
2975111826
2973872080
2971825516
2904217094
23040913
29374300
35922497
33723930
2915293172
2896960681
2977075866
2945465573
2970208135
15789731
2919909493
2988201327
2977083567
2976778556
49649865
2965482262
2955486110
43872324
11843119
2972411870
3133653272
47396450
15128689
29574203
2898397193
19382423
2991465596
2958670896
3119588654
45687910
67389183
35620691
2952357507
3019645754
2974488422
3266079042
15220376
2995619093
2920245000
3027439930
3424515975
36879359
2978154345
2977976000
2946005915
2931159473
15212942
2829756376
2880227348
10279130
28413270
2959120274
2981574308
3356737599
3014164825
3047955362
3390564661
3136598526
25407258
26402336
3053964855
56115651
2962756874
3061344398
40079019
35463074
52288983
42176009
3047292507
3121428221
3206950440
3086027592
43790002
3068806297
3048131528
2941983073
32156488
3025225242
36767646
33132824
2992746637
3121578537
2952953291
35870133
2971874681
3014818105
3008690332
31051089
3000205799
29260249
40826929
2808463180
2912519977
15664069
2921026151
2999619984
2905034302
2984938649
49911273
23435794
54548702
23037184
3017359608
2909079050
2970949871
11774414
3013254640
2905673918
2985612345
23234704
18992596
2959301215
2979380078
3067052517
3024910017
25383478
3009378807
3097385385
3056022476
15546586
3009136029
58886213
3063350423
3015067392
41644363
2963662018
15864684
3238443634
51958414
2992596517
51655073
3011195817
3022679019
36528945
45615755
3009437626
2921962663
3007799409
2822797039
2745422442
25579448
35769911
39540733
42409129
2611183615
35743588
2911791651
3062094664
2882759164
57446187
21143136
15331216
2826303645
2827460793
47738567
35244736
2980578725
3020065163
2919649008
2984998041
3096134021
57953055
3019532525
2997466709
3082170672
3168961526
3067375871
3045798061
7682583
3090786346
3125926201
3294751764
40032468
3167145233
3289531563
3234106206
7486344
3214295910
52162405
16076208
3119876440
64687074
18918631
3188477910
3189251274
3201584663
3167203740
3100787795
32239178
3149821794
3079338990
34864851
3039314686
3119921623
3131567773
19350570
3600378850
43957256
15972556
31181725
32580745
2994455592
2968987932
3043751335
46080560
3009923410
2938151373
3019482123
2995929026
3068309437
3023116823
55911950
3129495935
2989668887
3073071439
3110252253
3033874566
3089526241
27818206
3154762712
3011613970
19886779
46532193
2970864312
2868073656
3071195798
2871922297
2966721966
2903791602
2874468851
13659216
2980569408
3016341706
2896968169
15590348
2845593617
2998936467
3009270822
2972067581
39467432
3054531685
2888696972
2947066895
18947884
51810987
3022302024
3020293066
3090756938
19150322
3030221947
2904714533
2929161041
2978517297
3044966894
3012403516
3251207287
32391762
3066735131
3088794259
11866468
3025775777
50642455
3018878087
2962041553
3080390373
3080557336
18877360
3024607486
3149515603
3363583130
36097450
3083532195
26559033
39775209
22820575
2993639277
3052960873
35899893
2991594068
54130232
2931628392
2927844996
46352009
3058148623
3099076047
2947728547
2889195351
20606504
3017659291
2937979361
2856470048
2898778965
2641483245
2736584574
2888021675
2395554652
1610950302
1323846079
