12025164
20248778
27097389
23718648
659145129
2283780816
2312695729
39720610
40841049
2728962606
2914789291
2908595782
2947986711
2885399477
2866654996
2935843570
55916215
2861470049
15949468
46865137
28166247
35853275
45306779
25903314
8073409
65083714
2990346228
3072366634
10069691
2974009004
3197721533
2932286571
3019798288
3038543718
26040296
3004116101
22763935
57891836
34650117
3798169995
2911504929
14323498
63546030
2910196905
2889961404
35082268
2980321090
2931211236
2985979667
2997731146
19802622
3026634887
3105730276
41954465
27866353
20155210
3167739578
3020695705
3039501097
3056429729
3182122557
3172803937
3100624568
3148915929
13201431
3334713174
12029428
3140534891
43182479
3132575979
28086386
3180439479
3122776218
3300227928
19891516
28564628
3125526378
33017561
48148130
3014347001
3055721664
2978156142
3113659251
19682242
51484288
89050234
22219101
3790774628
3128342097
3977950801
3045678208
2979779535
36887644
3175525887
2971077427
3044648801
2953307297
2939612197
68828939
3005666098
3073134257
3041364762
3074424722
40515394
3138547068
2912883264
2867568589
2973563633
2941778611
31906016
2960471034
44039797
3017533984
39666065
3771490433
3071376398
31738166
59278423
77642120
2977986070
3286326311
3003314867
3077155000
3051171473
18974449
3003190732
47953733
2968910663
16001580
7309046
16632326
3023843807
2960806976
3893052449
21086198
3068223560
2969351758
2997403903
2930486785
2891297338
3044708619
46110272
2911338958
2920548327
23418607
2878541974
2851145639
2950382809
3014981169
2887825623
2924883097
2896684018
49862157
3049504930
16690362
50373115
2975390005
15688080
3663951245
29858504
2947413673
27809544
50530119
2980977270
37228202
3827395797
31472806
56792699
2934488099
32052595
65792867
19856259
2830243219
3048741324
3005070824
3028821564
2918627908
2918670178
45828687
3093607863
51956151
3084318637
11963954
40224891
3004398340
53109304
3059226540
3072499121
2957306854
3073280726
45661282
2959307896
3035623062
11874239
3038362366
3001910821
22377353
51974393
18466991
28259083
47999030
44029014
34142523
46563185
2921623823
44887417
12186280
3499565566
2947210744
2996203226
3061319357
2946170564
29193873
25313870
36695455
2882713210
2962409214
3083486786
37182150
24177688
39708225
2964315661
43222910
2849291727
2932117640
39288958
2895149496
2945825820
2896539423
2977920191
3010120376
35638012
2998409556
2984268485
40177382
3069248431
3730303553
3041027217
3008995907
3065429116
2976662030
49114657
3025033617
26614281
14985378
58774696
51130159
48198498
36273679
2833680958
2875865972
36336653
20040017
23467422
3235746625
3032617945
3004399269
42404063
19774722
2992096447
3013292443
40278731
3109495046
3140442612
27914495
3441386718
52002159
25299867
3001490509
3076734513
62554514
17642327
16558321
44086218
2993013625
3047079442
26307759
3170007352
3078902101
34917680
3057089311
31614321
23192919
20131609
2892805425
2956141975
2930592771
27721656
39652099
3063102472
47594436
3027622260
3046085372
3228597357
3025282601
3133650133
3027078850
29665165
3136009309
3197995300
3114797880
3147102774
34670308
39501142
3059168720
3023598376
3200884926
36376677
2966906559
3040235110
3111820899
3128467431
3017627483
3242871321
52902589
3485469868
3082182011
24301971
3105126486
3110340705
15921261
3194789165
3140085006
3228266309
3170698056
32210951
60079128
3236932883
3209461554
11737478
3299342849
3084979576
3117832250
32882072
39091142
3170941935
2965044470
2995160822
40397753
3142321567
2962910708
2984053634
2996714465
37959491
3081942849
3131566709
21158851
12242561
14386507
3090046979
2935779380
2985284087
28043499
56808169
3245870440
43711436
3125581493
42995953
3067020501
3075176096
12060770
3107171089
3116577428
3626266430
3060279784
44014136
3366257805
3135986296
3171081998
4109302437
3085115525
3047096230
27870640
3142645517
3104739301
4123630820
23229774
3284222323
34118086
31969479
3035840942
3072664840
25853142
3163994240
3938009533
3126171832
3086618529
3044962992
3003097152
2871018985
2836983961
3149197957
22870658
56427160
3382704423
2999789010
27806036
27844663
36025137
2864340946
2909420828
11984222
3027576863
2948475665
35329961
45007809
19511632
32047426
34804012
32396892
2902404238
2949296847
3021687560
3555154591
3110759986
56996003
3033300532
3050928404
3027289759
15856138
3263624319
3100707253
2911334860
2998009722
24491169
2838829161
2948913421
3029689507
36801066
63050738
3038695384
2922463892
2879086841
14779995
31594706
3009230039
23428402
3040574493
58755269
48145136
2969843463
2975926037
2916543058
3032964865
37335436
4086539413
56229464
23816172
2811861859
2919791871
2928492935
45734506
37289779
2966458109
3016930518
24056698
25685120
2906961355
2926045774
2953500906
56201848
2895587160
2957972132
2861227195
2906526572
3050339631
3812948277
48798993
33025092
3822399114
3000802336
3049064843
3134240849
3011262059
3117263934
3173145917
28661609
4094106075
3127854849
3118671254
3109730514
3129437793
3074721795
64064856
19804084
3014918752
3153039654
2976595650
3045727320
34078363
2922902956
23259301
38697614
2966553980
37979320
2997678071
28714489
25744578
2939183642
2953552307
42305574
2911095726
3078198332
3122265116
21250433
3146209567
48231850
3172933189
15920435
30884097
39336953
3240500529
4164830128
24202848
4101358876
46141877
3130875895
3149311051
4145562722
47502339
3030816682
37217892
2912395499
31901988
2974339004
70880508
17841516
67526836
48505927
44083519
2915228834
2870637777
2952394208
2897330026
36251366
57671826
35880037
3916830930
4024489595
3216677673
3021417834
3143913088
3169328385
3033891161
3033493374
2931471599
3170569113
3401601633
3006545041
2890734482
2887772835
3068628333
27998474
3055365379
3157030484
49443904
2794120445
2888004881
2931431103
3015531607
40065636
2979727717
2967786936
3098533152
2956002003
23715080
3120259519
4052575861
26321572
2984155583
2976362672
30021200
3128772200
3094910332
3105006124
3114565724
3138896089
28505381
3154600297
3106326927
3090327446
3072094182
3177280911
3417687598
28536011
39243449
24115387
3261716387
3173764734
16348668
15895208
3155940265
3226283829
3081318169
3165017497
3170190431
3047568106
3050208187
24424673
3071970174
37241988
33155322
3116616898
3080936673
51945697
12174737
3124879155
2909063033
2998014176
2973874404
3014273219
12014577
3050467245
2984199645
11629798
18827258
3014330163
3010148591
3791039585
2945069129
2980270153
3109780316
16225404
2989221641
43873404
3054707076
3089779629
4232828416
3082678378
3004879003
3128045191
30385780
3154430935
3109304809
3309279934
52569965
3121689482
35546795
3103050245
3111424782
3059473616
3079633358
43499832
49585835
3058702235
3093565956
2955801847
11450765
47643524
3074618754
3021437719
2910983621
2993453376
31748900
2996347739
56143132
38855713
2928029554
2775438523
2958925020
2824392368
42507286
43504930
2963990318
3229781241
2918346351
43550008
37505181
2942239394
3021843279
2967117120
2861412145
2971967222
3164541698
3085594871
3181823292
3795655939
3115403493
20360169
3222225761
23623237
3192412702
3212302206
37256750
3194827270
58690263
19328838
19943058
50289315
16250459
3157049331
10718920
3248504008
28288136
11037489
3155321340
3075817727
3088835858
3135483565
3060109488
15685661
3124423751
3284690242
18310383
2976259046
3061306876
58813114
3094571599
3121552526
53592724
3012246974
2971286766
3091562126
33463007
25349523
19788961
2941440077
19264356
2909419110
2969125899
43994210
52770028
36839572
49403862
19332817
30083286
20331923
45905788
2986328973
23800320
3010083697
28028202
2946353198
2967782427
40164925
3860478542
3070927034
3029266729
27264778
30484917
2913179408
23642379
16223012
76678497
3002037303
18248499
2956791174
2823417104
3131799177
2986860784
3200151323
3108774927
3075435292
40022614
3087821169
17733935
3090904380
3146501882
44088978
3053384821
3216237706
3075282487
3083368755
3181047509
39996655
3118944534
3115426689
39894278
3032918136
4088730272
3091745465
3105847278
27278235
29642733
2886429711
3036272822
36550607
3012631133
2977549705
2903799776
3044432400
3045941689
19597586
56861453
2947790387
3070077179
3020648020
51691422
3205733700
2952985564
36122383
38238052
43153920
17022446
2933883847
23854540
3136457861
38700134
3103982082
3166174158
2991233506
36245296
3243285989
41767330
3159783037
9081427
3147916730
43819065
37838233
36908261
25574599
3044558722
3004865040
2935944811
2998835849
2835335630
3135628211
2825685528
2867857976
2906316472
3395446859
2917716276
2831104789
38989895
14834306
2824688212
2849259227
59311718
2818396700
2870427976
2890123139
3031138381
2960310699
2924780494
2944619653
3064049938
11802472
2913420705
2948712479
2943180196
31920620
2953336198
3086822403
3067667927
2915202223
3130200502
2841427769
2897609454
2876955789
2862709809
2941829701
3132635541
2874310866
2904878569
27945735
2897970838
27023645
3080813727
3001790951
2998529462
2933476632
2988808074
31554637
3168968429
2779208222
2915073689
30130881
3016354322
21098526
48206164
27257733
44539222
2948899949
2888991918
2964181873
24996292
39813058
3017999336
11670272
78040242
31658336
64018990
2890058610
3223723367
3125135878
3044692774
54394373
19970009
3225989663
2999086004
28247987
37063588
3175864550
2997313394
3300547865
3132789912
44837569
3149451647
3034621241
3072767137
47828757
45694205
3656770887
3143204581
3974667086
29339050
44196309
2940359187
3198668950
3030223496
3036885100
41877203
3049344244
3010147538
25455887
47046644
2983247979
3296785158
3068454271
3096856977
2995952760
2924629520
3057234667
2944115103
2963441718
4156798322
3165546745
3208763418
32359746
3113897002
3020129584
21955552
40534859
24620370
25707163
12069816
3094540481
3015772355
3036663582
3037368458
2997187865
33414369
2979203138
33079628
31235705
3061132063
3108329740
71894571
3134831708
45846565
3275746680
44478358
3103493298
3135129728
15239499
3160836382
3291373791
3226755825
4021355805
3113784853
3226755466
39748899
42637159
7941605
3160529140
12812437
48279664
36256968
34165079
3149437951
22421289
46042534
68922904
43315579
3137194885
30875973
29463483
3084346555
4177078535
3124758587
37049327
3075378647
23819676
3130521214
3409090356
2935004884
11685240
3095735557
3274637370
3048247618
4185753668
3075257546
30985631
3150524616
3188504084
3079971015
3134240994
3095321414
3188465035
3002733930
3046190442
3045592053
56711619
3146524658
53040159
15790433
3055121032
3058239406
3836836859
3110385194
3000767935
13139302
3055261272
3067062496
2982960445
33723787
26525872
3055693340
2926368457
48043308
50409866
2869909809
2873786625
2896377126
3202987660
3131472082
55568511
3052066804
3056118568
44453445
3192230673
3154619807
37226791
3137470701
32415840
3151138172
26675372
3218564281
3216311774
32223402
31672854
3202212368
3175117175
3085696023
66387717
24159341
3167353239
36348691
47449637
3353714408
38756385
11782922
52328704
3241250932
3054509942
3162423960
28046008
3288746752
46694000
3209760559
4369313796
3223775251
49969929
16914256
3234985072
3276917248
3219163229
3141973493
3162062084
3278858757
3165114129
3163090745
3120497079
3093829904
14545458
3174512993
2964517485
3086960935
16498044
43972361
17522540
3164277487
3149088061
3136383808
3014098465
22272476
2972866141
3007338293
3069047241
38367181
33232259
3053722563
3022075057
28041999
36567971
3119027773
38383694
3053355055
50150036
2875475056
3099761213
2946521072
38670447
3226591174
3140234816
3050608102
30045362
3128738764
3099252022
3263083857
3100639784
3189090677
3072094866
24971186
52317507
19654990
37091374
4168786531
72039787
2908967652
3011206387
2931787585
46920082
76188713
3083268036
3038368737
3032922259
3038653104
3093416318
3106368368
27345997
21879781
3324558607
12022006
2945363784
36708478
3127710490
28068536
3517499050
24113399
3052991548
2994003752
2912161140
2880157791
3018743052
3578551161
3145715333
3817920514
2995291150
3078634455
15631552
3116036334
2985320533
3050735533
3042136719
2978514700
3035986687
2894862881
3003555574
38266286
2861756477
3023148420
2856622303
2921317712
3002458827
3009858719
36424037
4076723247
36078016
3056961473
43426716
51519972
2911432482
26132000
3158922590
24165346
2922863810
2928028307
22912221
3057127317
3056106589
3008595017
3094498945
3044973089
3033235187
2788529889
2766682600
3020044931
2925383919
36146955
45215186
20657296
3008416522
49877581
3019533711
2881441619
2913135790
32440022
3001876836
2947528961
2973447240
3010669811
3155899159
3038433707
14860701
2987554603
52048884
46984973
35554643
3079285918
3956853537
2982495905
2995437785
4014895558
24275099
3041286192
3136279663
3021928870
3295244100
36278777
36998766
19684449
3057161918
3050363843
42300245
3073946184
2978237398
3029645282
3017274317
22659665
24625356
2940399596
2942779452
19001089
2974324756
3013387044
37345490
31751250
3067666984
12327960
57052428
24917445
62648993
63203445
2926878417
2895273034
3031826663
2944007412
3039227687
39732402
29682598
53632930
3089756574
3000974935
35112139
2838755346
2943678560
2938383681
53489801
41284988
3105730989
3129974178
3009522499
2989473328
3124964449
26108685
3053117690
2943468205
22866222
19846590
3025144086
3176744576
25629180
56753552
3052835977
4070229457
2937394423
2968959241
3045722536
3011058508
2867492598
30356005
58203405
2827135177
64845662
19974311
47586956
2741490287
2904711156
2775578230
36119096
3649690672
2952877551
2967063281
3111626649
2939465795
2996077468
18149304
3017178676
21754127
3003440550
3124723283
3136766328
3181846442
3180385369
3154052405
3146683933
3077430468
3314600584
3125264179
19295211
3176506667
3063996376
3085257862
47662954
15853031
3015380306
3003530689
3035535138
39971705
2955460111
2967585255
2961684633
3057201666
41182000
3063241651
43916544
55939923
48156692
2980315214
3089103400
48758333
4005854351
3111113173
3192648136
3174116924
3234317010
24038288
3365510021
3097343708
11769521
58040087
3144840983
2956763120
2924118094
33079236
3040723908
3149443442
2995643582
2991471114
3036353116
24484534
40072558
20011664
30865014
3162492676
3282709576
36304886
3095835499
3172420807
38134649
3072891442
2941711695
42999981
3178420005
3047186694
3054148118
19358992
28874626
16141600
19799583
3122243668
3047586858
3054377948
3086890221
50134619
3125042075
3014890048
2952356651
27952538
2962658101
2965939495
3062362514
3073423822
19722799
3070719228
2956425632
49845294
55561518
4124338833
3147316240
20277218
12166120
45240214
33964542
3054442753
3276481228
3053595193
20307907
31506497
49478314
59976849
17215305
3557076373
3045400622
48839253
3026359662
19713846
3171317947
33526589
3205975381
24275309
37857722
2908403638
31996629
54281653
4180253134
3090475544
3016335222
3035493042
3027677058
3004553310
27300111
3936623684
3211635975
3013810201
3048847727
27535406
2905733209
2937490198
41244051
2923816241
3024805654
3061308693
3165219123
35470176
35865155
40026975
3172482186
3098240082
3205393846
65717835
15858250
39930911
45139976
2975586364
3008881497
2944362346
27960323
2985220308
2961833663
2780696855
2965075030
2867149278
36580137
32251300
2982183741
20471137
4048871354
28090326
3067755092
2999025350
3053639145
2896477848
25570602
36117995
55226098
2817815793
3019966333
20714310
3019647821
3113276617
40236099
3030735059
2978525944
41071017
3277555254
19756359
2931818381
2950859877
48054159
3039424815
43847238
3070284058
31970684
24611422
36254495
3125304738
3027055797
3015550852
3950198143
2989728050
27969184
16959234
31826926
3075214798
3017925028
2985096812
3081455927
20377420
2891612272
41448901
2994660525
50110961
3258705126
2953021465
3204593017
15604884
45557019
3274110598
2997306013
3005348130
11884963
59963987
2964938306
2786285214
54836011
39966020
33893971
3029586396
3198397575
20144347
3933466806
3025934361
3993720529
55863144
15973252
3088208544
3015559671
2984032897
52318917
55234432
24543644
65051304
3041931855
3087183820
27886086
3021760536
3001876324
12412222
3025381315
23881524
3002502760
45773521
2996542190
17592708
2900140955
36642441
47834483
3015764600
32409487
47837944
3077377207
3023626938
27535644
3075495000
2874578204
26266346
3180594749
3038900056
32010397
2917186819
3195361138
3092521819
37325045
55158870
25314149
48329856
3021084688
27529887
3009420624
3018410787
3191948122
3027792206
3224361023
47055957
3036299913
3048163661
28129109
23236423
3081139731
36869214
7728522
35653767
3125766811
2963425530
2815747174
2893279662
2949728685
3021053969
3094563006
36799380
3007705776
3003914784
15461712
3110273228
3054171842
2992957638
42704391
41776793
38340700
3059105866
3199843709
3017055698
2988785754
2981989989
3080632228
2914795500
17268227
20041414
3080691614
3107430152
3194656442
3183886873
3858662685
3183276983
3101648137
3135715524
29156484
3112461296
58320136
38780799
28266559
3388084008
3085528387
3109351906
39479380
2933126788
3096601343
23803116
33151423
3098216924
3264995498
40438330
3997264987
55937676
56864798
12390013
59997817
2934735223
52449565
3035529407
3774316767
33428326
3111298979
3015135992
2926669024
3027662099
2962646977
31644560
38846406
31555811
24288032
10420128
2958007881
30695310
2924435652
2885758816
33068385
2971948929
3092540475
4165937407
3042746448
3229171874
3195055437
3047843237
3005291094
3229631242
35672432
35882342
20237038
3046473717
64102249
50942473
3061204069
42528689
56010511
16357973
23777092
54705500
14945757
43585621
2923882771
2952409172
2980770373
3045569123
3281097381
3037333903
3069445022
3135962333
3099861269
3220062722
22802456
19975149
17607366
3190609079
3208824971
3112231092
53423472
3183133894
49649409
20246666
21503187
19928748
3098491145
3074264367
16059585
93910020
3132837322
3085037849
43583557
37700563
3117852534
60467943
3119212168
3057762052
3078758563
3060008363
3113715727
45148622
12128955
3094784394
38203306
3150190120
43502952
25711466
3089632894
31358358
3082542119
19425974
27755672
40770775
39833509
3064082722
3040942182
20100436
44050892
3065300575
3007757554
3061105528
48443912
19528230
44248948
3040823736
3108678905
3090535467
25824661
56217705
3068003666
3021318050
36060086
41397666
24221844
3056606563
3079390662
3055951186
3011571636
30763933
3119197175
15938645
3109029286
40554904
3197784058
3114411377
3124077904
3131943531
49029237
3007473075
19873839
46948817
3174890227
3065388259
3132087501
49369661
4141970246
3072617738
50231691
16217163
3077473516
3077776870
3054309850
3143541369
11592262
3123998958
48192189
3847448131
3129512630
19776646
45023498
21880512
4059949534
43208354
11184466
3013759285
2924910077
2995998156
2797794066
2990573157
2910232319
2858109169
23754578
27646354
19844795
46320585
49957417
24533492
2912343632
2826155166
2871348633
49310046
2742540023
28736851
21237085
12952716
3015877674
2852149583
2818325167
22204073
2913265666
36005886
9664583
42675395
35553350
87174125
3867296162
3028490025
17534876
15348855
2981814087
3021117527
2970281882
2955193833
2784125042
3083809644
3161560375
2926759221
2891862294
3010505879
23372963
61456581
3065627220
3052623164
3105116457
31517701
2994236182
52097328
3030641727
2985069693
3194303362
28007878
3135343876
2976497396
4004718889
19207157
3024485115
2959006735
3015553585
15015149
2978134653
2907169862
2863542758
2865523406
2928617248
2964288621
2989931498
23742067
3061884067
3051609314
23644492
3052172695
4099386384
2972323247
2962297260
2998877634
44219763
2895648902
2943162763
19870049
23896326
2964832574
35521693
36419676
38507918
40659230
12111160
53081605
2909076170
2902421666
20318424
48273976
32119671
55986919
2867202425
2919611049
2988939499
2887922679
2830793449
2874677658
2846924988
16420635
52584013
3125749957
3018519733
3025656226
3036876876
3096402055
3136989042
3067869342
3065928400
3120326834
3037273263
31915274
60380378
3086832109
3117467077
32061204
2916834947
13994617
3053641218
3039253963
3145038426
3145546479
3034884095
3088085004
3015014825
16160551
19938199
35999802
2826343205
73499058
2890751149
3011902057
3090237233
3080666210
2883398858
2921340348
11982047
3017264439
24463304
2970947638
32476850
3048173126
3860282917
32900054
2986289343
2733010032
2901761117
2842175560
2842663013
43777845
31080831
20060811
44722438
3991738845
47530532
2929841151
2860643566
2965253020
43021246
33876131
16628945
23894804
32134003
73116584
34410840
2861447357
18168378
3108733082
2852486685
2963166058
21526070
2849097128
39514399
2981328323
2933676816
2946687199
2914335273
2887248119
25950392
20082557
38942608
3143286056
2953930707
2942643241
3028758327
20706972
2971918892
42173938
2949532077
2925295094
27836796
2908884806
2853750088
20262158
28510135
2971717653
18250341
42714705
42347400
53077035
76797331
39168950
33561720
2868999119
3157888180
44167035
2871356566
2974212219
31927023
43472963
11915977
3025778028
2902372179
2887026997
3030231526
24462677
26293317
3240276077
2983394770
3012208156
31163409
2952725208
54385678
11644273
3034149586
3186860226
2870300992
2839301710
2954332106
2967088281
17236202
35911010
44678466
36443860
2916518847
2919041620
36259949
63805526
2986166385
39476964
3010489809
44040257
2918052540
3029695960
2975857727
2917837704
2915531006
52707432
3067928091
2939625335
2867460240
27957494
3076694730
3023397000
2958436895
2949076730
34212899
35926823
2976945260
2962058060
2917691596
29235872
43541902
59178157
2995880874
3209600293
48718018
3931373759
3014831301
3078524414
2989962357
2961970237
2955932516
3026073587
4064007712
46674004
3118167325
3030862991
20839141
3012970988
2948200387
2977404900
2874244546
3042631088
3071961275
3002063305
39948890
15570254
48638497
2992175059
52448541
52098479
3116456912
54814085
3014393565
3690784845
4146494119
3001108509
3150562785
3137453341
3097243763
3116969188
32033933
53894615
3226175589
3245787467
3167763800
3111298158
3146709441
13518288
3098520097
3321858677
3145286573
26803999
16091653
64182469
29395830
49142814
20459140
3202478276
3090269273
3312915337
3157293291
34953820
3741238066
59033911
3147932542
3117068911
3141546813
3215282072
15711460
34360796
36341377
3345587714
3207264467
3088182785
35299476
36191791
41505065
31704033
3317682915
3132564135
3161628821
45464063
3107405346
3075906317
52822878
36200823
3116711635
32900958
2948651643
19009015
25136619
3229248029
3212885196
3955729898
3810793929
42666125
44481084
3226412350
3218831859
3124068187
41250539
44405485
41585315
3144207232
17904661
11943212
69543919
24579095
39563169
60233292
28205274
3047388525
3140045850
3142784652
3120658399
2995318801
23971304
27729003
3073584913
3111821372
3118619969
3056633971
55770903
32822877
58740117
3065292856
3155864613
3091317321
2927736008
3044122694
3143421924
3141972406
32273407
3120005983
3263450985
3169737408
24093165
3118691374
23447465
3196188078
44053363
2985530740
3247843689
3205581845
15944114
3183305462
9463035
29773432
20035952
3081996738
19858039
3139710676
36025924
29918329
48792518
3165014242
3123581194
40796257
3174736502
21457397
3065163765
3031144169
3013630231
31979706
3106266593
3089155634
57975542
28031375
2943532515
65461460
3048981319
22448092
18645927
35595216
39738562
3100941296
3063347721
3140924961
2988364491
16349530
2960725618
2911149685
3032562632
36043254
3064703132
2987294991
3014672080
45297735
33696976
3120156670
3101835954
41818460
3055838785
3150925170
3083700552
3087142703
53122828
23846830
46449670
40884113
28115312
3121729510
3043265595
48078240
3164831419
48271279
3068438955
36184482
3063861199
2872968121
3060994558
2995992705
53777418
39905993
3000702453
3270120911
2922515889
2925693686
2901724127
27283171
3001114851
3057839326
4004667130
19858173
3044099463
2904585739
40471962
43514547
3004303744
25060328
20916149
3127039807
2846986285
2806631335
3606970696
3003324565
2952474571
32422163
3077950866
25945603
3002460453
2979820923
20519520
24973931
2950872769
2989234399
3088621749
3080865419
2956633486
3019751907
27260244
18571535
2954876668
3053021821
3083545057
31230515
3023227232
40226429
34543489
42422396
3139839781
24551278
3014630745
2901264606
2944617050
32288982
47130697
44869000
2997166314
2909761163
2906152141
24452611
2894618684
3039982161
24357904
43686278
2922177271
22608756
3023072111
3030523075
3017695895
2975451191
23337635
30443125
36204714
33988196
2976446169
2954474175
3057114646
3003533207
3012754362
16038173
3006905216
3068895379
3050718622
3043717528
49925794
3061748018
3029809056
44152290
12042542
3108244193
3581559899
47649475
15397637
29823453
2971800299
19672638
3067184838
3024076105
3720077524
45950916
67648186
35946161
3217990784
3185664214
3043147403
3953724934
15471215
3087783024
2990407506
3092629440
4131689144
37160644
3026793920
3033412051
2996867828
3012585886
15505042
2829997557
2939263321
10509608
28732352
3012435880
3036367066
4068609571
3058610404
3122860609
4113690333
3194307234
25690222
26648506
3122700000
56464042
3039416707
3117361359
40342231
35631195
52488717
42429842
3111853102
3206435775
3365267836
3163133680
44028460
3112633752
3098322282
3006637373
32379434
3129860106
37075224
33392826
3086477942
3302918916
3014115808
36139406
3044177483
3075286711
3085691012
31306084
3059938759
29514679
41109022
2888687264
2962193310
15928320
3011866675
3046222991
2905310720
3045480467
50139606
23626581
55876313
23295294
3076289750
2991067725
3032583640
12013460
3094699345
2990181395
3126693716
23614988
19242899
3020073553
3107933815
3067304936
3129611377
25667800
3121772040
3188315911
3119385314
15798831
3081601308
59891130
3111264973
3153751122
41893869
3027416980
16146836
3861160045
52190620
2992848161
51912551
3066029231
3088730750
36789313
45876790
3050369408
2995234596
3070749810
2865528832
2815574101
25943695
36130007
39820576
42608096
2667910386
35943850
3171900126
3789100468
2960980112
57658869
21409169
15496011
2881480231
2962945456
48013615
35494373
3038080354
3068691557
2968873709
3037897052
3689856714
60607627
3069881066
3034971220
3135533653
3207865123
3118262849
3046150589
7944512
3177331430
3165483731
3526585867
40296686
3235097001
3771889079
3317098219
7700425
3280844578
52389768
16336105
3193081904
64938352
19195765
3246141496
3266378626
3256190957
3275064970
3171640561
32501168
3193511460
3149312575
35155250
3105566224
3185440926
3198012467
19602978
4248479228
44206325
16250118
31448346
32902986
3028517707
3015013785
3116152203
46344050
3050815659
3001503363
3122846277
3065637009
3145245324
3099480616
56168750
3194291047
3079540573
3350663672
3200852357
3084739354
3216760624
28082829
3208916115
3072979000
20110863
46783314
3041931997
2940759751
3524730053
2964600839
3013585171
2984052763
2943083385
13934219
3032320173
3090353502
2897245866
15852511
2934110114
3140128566
3052690593
3404015285
39733122
3131722291
2915101533
3003030259
19210511
52056863
3093807844
3081782483
3309184117
19447432
3100973679
2969385772
3001885338
3050185824
3107330296
3097102655
3896989453
32661567
3127578937
3149568580
12151457
3026064361
50940172
3088914882
3029130160
3138893595
3165256544
19140386
3069179147
3241976597
4087741472
36349500
3141789780
26810188
40022601
40809966
3081856030
3113786921
36165724
3044803469
54392875
3019389201
3029817970
46625609
3058425852
3190370952
3033167666
2960625039
20829954
3261298420
3007220395
2929572011
2947851924
2682933855
2768261116
3073430501
2408073867
1622351264
1339003810
