13538453
17166449
26678079
53923905
668120269
2310861653
2320868778
38691371
56845523
2771662419
2889378711
2815751669
2873469809
2893045305
2797090649
31193562
2910465218
25790131
42410690
2910313947
38784854
20695072
51266260
60429428
31786272
56067065
2911036373
2995220445
75844601
3122827978
3100703813
3103624612
3097125024
28243715
3082328943
3075682014
68045843
31069363
30235125
3047204582
3502670246
17279805
38672714
3130610083
3064803418
20225638
3152316720
2995903729
3037160947
3000002189
2922610010
23897312
3014767924
15720013
53983120
48067258
3135532759
3010379237
3095713482
3089364538
3097997364
3091705146
3046840187
3071360389
27865331
27532868
3095962697
19140001
3095603321
32848279
3079016750
3120577162
3114999381
3104478229
41563826
59206707
3069317623
56793927
62286911
3175548880
3065804562
3138399966
29103773
3057392988
44916399
40971604
28614618
3386251424
3183229876
3593515894
3206269539
3127829629
40039698
3121841428
2925843333
2941616990
3072630252
2966684078
34321532
3033647343
3028701882
3049487526
3032164072
38630167
3119532109
3083057121
2925136178
2974128754
2932874242
29221170
23925982
42831514
3050036422
3012263259
3191888645
3104370499
24319941
33929559
27663171
2975444078
3074626488
2902228559
3027099562
2965367189
23475862
46864423
3009893998
2904831936
26814811
19247716
41916937
3003204400
3305691706
2997719921
14190913
2975044068
2950424008
2974140223
2857570880
26084968
2932621501
3031742437
2993786976
3025238951
46124970
3015068656
3096168346
3036220538
3035030989
3033895079
3045968056
2990442134
39578146
3041326355
40109842
11702602
3032617969
34875431
3231442251
29192315
15367110
54078297
2973826942
3014555337
31003654
3309393739
51403658
3034815254
56803888
27274522
92033193
19990126
3074471448
3008590326
3123220302
3206283748
29351509
3055751325
3211289578
44572413
3191224444
3160184980
55354248
72880459
68992297
3164833202
3095026365
3002848325
2986295651
3103659238
27997714
3077993951
39928117
16845272
3063265880
3077783970
27531120
55359338
3043852877
31849394
53310895
18514693
59846323
51831131
2988217480
40053768
45178241
2898059362
3021916958
3036197591
3091569698
58811789
3075920446
57085031
61381911
2902723528
2963198872
33788812
35746427
70521661
3172894689
3705417618
67574817
3774976470
3726962071
16179691
3772939597
3774870723
3774599076
3835221565
3870415642
3650234472
19874385
2936335789
33763825
3696386690
2977783834
2987338033
3073636280
3105508003
3086209077
45534347
54264057
34952267
27656614
33074393
37638015
3104323462
18314067
3027835695
3080334320
60327060
9794955
56597161
3122301642
3126084466
3128024963
3125859661
65825681
23531070
3102433465
35625490
3035514817
3189722553
3081021218
21063633
27711175
44176904
3005469513
2899056523
66065617
11699014
39172842
2863363196
38419555
2902429161
36327149
2778110889
2882468325
2975677281
20966580
42232029
44027311
31751610
2984700379
2928385849
2953961453
41952469
23821691
56887712
2997859663
3113429720
2994348508
3178727028
3187399704
3063955113
2985206695
22554001
3125876960
3186398240
3174234189
61055038
43981254
3126258412
2981860278
2942523514
3064781636
44494417
2835938347
2842552567
2909201296
2936659521
3042719611
2933683043
16287857
3033747473
3011662578
3054973608
45335575
3047707237
67438702
2947461412
3020807241
3089392794
3109025520
2911351633
59541176
2916033610
28092555
43026500
3051003211
2809669871
2803455149
41290878
29024208
2903542233
36603837
2751318003
2781747308
2760934127
2916215741
2851966718
2979951730
2944045223
2964678858
37727376
43493977
52736251
2948575330
60731241
31089526
3039431926
2879567155
2921793230
55788457
2991631875
29969016
39396836
3081159862
3074447375
35912801
3024431043
3052508622
3015588590
3161939073
3080067398
2949384747
22553731
3100946696
3486741079
3011912733
3029085333
31014098
2961725535
2868838030
2925887918
3375308523
3009714600
3049691510
35713620
28030906
23816749
79613952
2975537625
3219444875
2826183989
2887011770
2926390469
2770910323
2840931699
2807412236
2929376933
23584868
46368740
2962275865
3105823151
45633306
15464718
2935928643
30366816
19541667
35547257
2873696031
2875790878
42788454
37588389
45098329
3098293284
35020886
56259881
2809130433
2922205819
2965333195
3057800722
45650166
2920674207
2902674006
2950814899
2968067283
11729036
2955208296
2871806928
2982368879
16062986
2919701608
2955668095
2849697730
54107012
2851027934
32130738
2979334458
15705699
62584356
3025406792
3041616474
3060672893
19648280
11153283
44017739
2994663549
2963339834
2908507407
2953625533
2964776695
43569821
3405376805
7947871
2917388219
15729325
2876868785
2946153516
21999082
41211887
2871118012
2818699073
64086638
18020248
2672805360
2722337768
2750309986
44546004
2863033161
2932799018
2847948419
2970599732
2857745003
3225614711
53496755
25584375
2927927967
2925896179
3145350048
3041960773
3059629710
3168951146
3359758886
3126250973
20492598
3235452590
3101467645
2983997572
2978242826
3145981714
17795551
46939381
2927386606
2811115165
2833174157
2903279369
3058087892
28025641
44708181
50786433
3032058601
38118122
2962522673
35756390
2907411852
2947010114
21806591
29487657
2947553757
3012316158
3030930233
3124632612
13993109
3092424795
40586962
27544525
20139844
7681316
3510110674
3177219797
3190580195
41456906
3375143573
27758826
3123696376
3486753677
15446199
51851252
18300784
34419054
33040131
3076297736
3092084707
48018045
44646534
3095238387
20242852
3064520573
3137452447
3102490437
3102889885
32609767
50854277
47342173
3501941121
3162568782
3575601393
3154456885
3275278630
3192270094
3125351251
3126331369
3102728940
3096930279
3204406599
3056537907
3126720991
3049380515
3103832835
3157300097
44115360
3208471934
48794702
2971766489
3070509062
3026955227
3073672504
10701912
3040960018
2975498342
3021251813
3092940491
16546331
3131081551
3427509689
35992188
3096388977
3030719793
3049522162
36131883
3036267726
3112592760
2958672251
2942913935
49245282
3028909387
3077413412
3059674636
2936091125
2977209742
3042896767
19833236
43221419
31952862
2998917583
3053636520
46559315
11867995
3106318318
3158780603
3050932607
3019770221
3098669903
3009700548
3080230846
65894907
3086522339
42600033
65842134
3092819924
3034840485
19895521
30934120
3124416436
2980814561
3084028724
3074319488
3028175728
23739905
67949651
3062722687
3074024404
16023583
3152213386
3311435917
3076130151
3061693124
3109151559
3051740042
51028675
3055335829
3047580533
40826367
3172469081
3521666489
3030170152
2872049507
2966250786
35512456
2984284618
2950104093
2938237074
27401057
3019234582
3058989440
19956492
3017165191
2879712637
2916203453
42705408
2917806319
2933256150
21709200
2872294805
33466955
2939793982
15766661
2942785032
2961067756
2942636936
23105710
39887270
15816469
3004951823
2967702950
2780871091
2835309231
15058954
2970738526
13761044
2922633587
2960778644
45747711
55749299
2981317439
2971342916
2867655372
2851674694
2864166879
2935831456
2911263031
2932414346
3056414477
36504295
2988124986
3000058508
2920774247
43296243
2877474389
2942129513
23861053
3055808943
42848072
2934330426
30077181
2972645378
27211939
26398682
27415088
69868113
2887286039
25611356
34320760
2861212582
2922906214
2913065761
2938651007
7481506
2947550918
2973494835
24104047
2937594816
2926333216
26328617
2934296903
2936391946
2884280769
56050063
39704824
2892108860
44878801
2979998296
54749422
2941841287
12183914
2939490592
2968806508
31930997
19051271
60237461
57997028
7556943
43988342
15821225
79910647
2998237160
3051143245
51594756
35138906
2943680520
3026517691
2955642131
17071613
3382225113
2955677339
25910684
56920277
47758583
3019971577
27454933
23742997
3085648531
28234475
3182470980
3065599585
3284788037
3149547429
3130422262
3188452686
3175984234
54634893
3147964768
3040850806
25269103
3056965738
27549379
3045757830
3012640352
2827206830
2941367158
2875770676
37530226
40044417
2872113288
2946913080
3015478243
3312950273
3067166294
32323863
42851513
3135451717
3045500435
3027456096
31316775
3087882346
3094464544
39388199
3169079432
3166265471
56422630
3125353081
3214759820
3125908475
3146210390
18940427
2994328005
28025915
2942287045
26229769
2992283590
75436884
74871989
47593348
67629182
2962444384
2890172674
2952698623
2977006759
34483622
2996155382
19731460
3010764695
2971127671
35054659
42851825
15215328
45661176
69165084
3037545797
3010532963
3037531763
3000327042
3006456604
2915207458
2859960183
2845369528
3013255827
2897728568
3103060622
55727146
22736028
2856953223
2801890802
2823980202
2814172376
40331752
2863264006
2875302209
2835832975
2908906734
2845884944
2833430110
41181869
2915555812
2916979637
2843326146
2821004242
2957498144
2802266893
2822183935
23924042
2986095593
2964166666
2966073411
3041420253
2948483248
3037631938
3056334575
3022953693
3042825895
3061196075
53542815
2825671169
33310425
2874973103
2858906078
2826380716
2897156015
2879716418
2912554012
2922484039
52259155
2946516171
2995080477
23741275
47635872
40923571
36396437
58608898
3009417371
3043349192
41416479
40925032
3011701810
47416358
2984358929
31301216
35711138
35641880
2785908204
2812038310
2884135456
2886474448
21761770
20027749
2962904106
2977345697
23819244
44202744
3033682872
2988748395
3111495791
3005995267
15704793
3058369784
3036078366
3059384546
28543731
46178865
3187156684
3126762675
3278682078
39862298
23530289
3109680146
3048904550
3027516558
2855704039
2917752451
35809873
2966124031
30257689
38919177
2871244617
3038532829
3248606160
3310359212
4116323866
4248237125
4265744779
4267351648
4345364449
4644591549
4326856104
4261759774
3844655846
3751411670
31249647
52383312
66347923
40846278
54690205
34414606
2998612497
3011775422
3016360571
3066942234
3038977783
63615301
3001184498
31931707
3000259742
47881272
49113974
3119280603
3047521037
41304554
3041360802
61485307
2995507806
2971935620
39587804
2984925326
2941534374
2914497856
3014409282
3219740247
3078523107
35438500
3016588710
26788829
37064731
65637708
72117388
34914149
52250803
3074871271
28248462
34289788
65110849
40956844
59765095
37327769
3057698918
2995448473
3091757576
3435216606
18961633
3020721886
24060576
3084552539
3081312535
3014658593
18904256
3025961494
3199182092
3191026642
3532029307
19649990
3033518667
3060282201
3064818708
3004380950
3086916467
3058590748
3085004317
3006300931
3060165864
3004985733
3078694545
23752064
27913413
3197888106
3031502792
2983063913
42552052
3056105055
36287200
3068164727
3027138968
3081579771
3034192774
24143827
38358534
3040003686
19941950
2836792087
3042665282
2905135317
2886836148
38038852
2918760398
2885163600
7429092
2891219154
3048833541
57890123
3002138334
3047564671
3081060081
3162049000
12212215
3151242296
27605105
26583604
3154288370
41141083
47632268
3125862607
3090155904
2949134022
28921359
15519837
3030024322
49052613
3065320103
43884867
48065756
32120041
15786862
2945349145
2990155095
3002305769
2930331682
18570335
34453663
3049561077
3084297738
28442186
15404235
3444895114
3034883057
3021667350
3095834323
3066638513
3092916193
3100067027
3104603984
3114589130
12164221
3088165682
3163870549
3171912745
3002036773
3120695582
3032339022
11397201
3010702855
37855913
45328001
3054045814
3113737532
31811294
2993567561
3093046487
2990040457
20412339
23747430
2937856531
2920042878
32452382
2868426907
2911528628
11520370
2934759604
2853563272
31980083
29343598
2883274797
29051507
2921011033
3010821309
2887469676
2890174083
24212641
2694052129
2691955166
2833624412
11373837
2789535075
28983179
35235710
29093943
2894720201
2836513357
3234312220
16860278
15739689
25870872
2871147489
2878687591
2934094448
3056280077
2893651944
2910979198
2993328957
38729953
2955990313
32521349
3177944876
68569499
3140630608
3223044219
3076298163
3097560280
32095502
15615012
43662581
2983578825
2993978840
2974768927
2907871952
3092102402
2890463860
2863850958
2954023149
2916102158
37019229
3190202016
2998176540
2971300978
2959406315
3050654797
3017103810
2958464951
2938886096
2964241720
3005729400
20837165
3031478573
2934269743
3023816989
43843084
3004903716
3458548046
3024812468
27311531
28168314
21972672
2968216903
27700137
3074736940
2989587805
3038578460
25218553
35022180
3019219937
2930966384
3004013713
3008032207
2942726079
2901144562
2842351837
2839561720
2793853832
2959320781
19468414
26034412
53363168
3014707897
46200434
2915921516
2818163764
2867475059
37871347
2894859586
2921437434
2916567633
3033740838
3064232424
3115175087
2923263945
70862447
23504354
33612752
54753607
3002035716
3450932106
2977114145
3294356419
3055840097
39592653
2975236025
2968483744
2984691780
2939267859
2840979814
20714645
35087391
23698922
2928821731
42321092
2887064352
2822311874
2766797144
2764282034
29876351
53167063
2789786976
2878116979
28172388
2936525647
2914112140
2873816803
15780897
17609573
15195392
65336299
49223781
46570638
15897279
2856957236
2870825578
2833152844
2862893108
2833954679
24441055
43774519
43364780
2904414831
2877904174
48797253
2832035558
2765047208
2801366494
42187400
23789504
2885893102
2937054443
2871293686
3027633101
2876692201
43714586
2934030944
2888176962
43817027
35646190
2896674368
3011835976
16134988
24283604
2961944463
3404560113
2967489281
2950353926
3015325114
2935279767
19626379
16271029
65351258
34709640
2950452783
31900635
3014091135
2999781947
3338096060
3137595597
3177727483
44815771
3149699923
3108792917
3169420357
3176861042
27959749
3138626176
20019805
3189657452
3124867321
3205835539
3164792749
3103068014
3106272636
3115163173
3187038604
3248064847
3154963852
51096914
3127625804
3210047992
3057658823
3140585144
3174139809
43698764
48504687
3109874673
3079806328
77993360
3127951163
3239048682
3235814925
3380998786
3409962791
15932069
15919405
39455946
28032984
3144417755
3230512672
19805339
3381750884
3318800737
3525341485
3216576471
3241035598
23640615
3111771160
37756454
13844321
3183854165
3169455349
2996885473
3005880949
57182723
3068874194
3045912190
2916354499
2988794586
3034131999
35912990
33812089
39855791
22049648
3089591986
36535701
3000702429
2963854976
3001252559
31874893
2981072165
36847073
2995131264
3070730096
39768864
2981067965
2973352334
15780431
7850637
13279956
3030776751
3047616639
3102901609
3067262805
44813832
3045268019
3031143061
27438530
3011508831
3019143597
3089695874
3014627328
25531573
38834260
27705291
3091553981
3039835989
3010171466
2956910026
3172065102
36737403
3021018030
3022597786
26610029
20244406
46745052
23705482
2957080131
53000059
36309678
35959509
33995742
19898067
2912762280
59645707
3083550483
29483382
3006416873
3067837332
3041981215
39650002
49269874
3060118173
44731566
41979907
3464779608
3140500826
3095305399
3105249536
3046046906
3489829562
45245353
3110930467
3088373333
2999441230
2969067869
2847508311
29549806
2936895010
44677725
2957550711
2852932261
2935738509
3003818010
55775662
37879877
18944765
2933845012
30527878
2913642492
2937463209
14137364
43005740
27972039
2907523271
2923939808
21162245
2990010919
3025155244
2904699658
2893518643
2877082371
36229555
2933677718
35822798
3030566637
3343310059
33080665
24388426
3069982357
2894389575
44972425
36231786
2936408603
47194087
2947859205
2836628374
2949776688
20027499
2970464242
2957338375
27597077
2984897280
2927403134
22642646
2801166387
2818490512
2995889644
18601137
43499111
22346047
2897600895
29491582
11063871
2942997434
11950142
3086515160
2972797359
2900962047
2954530561
2972399955
41536517
23462497
51964326
2847107386
2917013106
2924815882
56034516
39557250
2942468270
2885938589
2884764107
35844283
2921444390
2969123819
3007218480
37163659
73379391
2938593017
3010485407
3003297087
7934624
41078972
2868347246
2901105885
2830643870
18727289
31269297
38204446
34762461
3060594010
3399976992
3086223854
3084361127
3437014466
30850661
7559657
3053025122
3093028194
42416502
39834630
40084926
40979674
3072327035
3074573860
49088427
3090991483
3087282631
46306396
3157807182
44761946
2995734186
36838961
2928705132
2959557048
38498612
43893946
19851967
2954164414
25456704
43935678
3009779148
45924452
2912134037
2895799883
29597563
2983257734
3053169415
2959005953
29823987
2956907914
3003193860
2934844928
15623338
20192949
48032623
2923345634
27904510
55679807
2954231622
2935962763
2946827911
2937119396
23240938
2918126973
2916671686
23757244
20452466
3069768213
2975292010
39391100
25377031
42913645
3110686207
3148742306
3149771601
3096396327
3083645412
3212903345
43083249
3222641279
3116938332
3089799838
27502915
3139238400
35267448
25550916
3046834627
3093381845
39864636
3048360924
3010137273
2988757725
3063696869
3097993926
2983182586
3081379099
29012829
14658763
3124363559
3102804723
3119768845
3126802027
3326301246
3113045910
3096344429
3135633137
39707125
3051557893
19860157
21629875
35509242
3140357500
3012026050
2958962107
27135521
2875414364
2948690185
27057107
18736016
2909644833
3086762992
3252730241
28022952
27421298
58438269
35449262
2960503584
54300890
33027974
3197065014
3020802817
20436291
3028376479
3058952349
3116874434
3004793305
3026547432
48261408
14193043
46857930
44129062
34908058
20284479
2908167514
3074484369
3007260646
3038049178
33674906
3009725833
3011232789
3463391309
3075816036
3116979084
3002672357
24129458
2979120068
39489131
3038647364
32225371
35793844
3065114121
3009143871
33913671
51971264
25928962
32970295
70689993
29572463
18716831
27844207
3043588715
2975493080
2973268456
2937794557
3033066705
3098684438
2968635902
3020581128
3018039880
3075115890
29503491
35158776
24482861
3052192667
40918560
3026456270
3015202168
3004874241
44391762
38382913
56004790
23634187
3053361135
2932792270
35810587
3030648122
2980804933
35059004
64489118
2860587421
39943927
10587338
2909517110
2838744140
2935187350
2940140942
2911414369
52603784
2883760511
40779133
2831082141
2897664836
15605685
29283064
45129597
35746009
2938287559
36670509
2955776801
31853394
58611553
65356354
2914152131
46572682
38932810
2930685009
40262151
2926643495
2946973820
23089162
25030135
2899160285
2783008394
2844975744
29000247
25362443
23120711
2819711945
2786617301
19824729
2885564528
27391519
2875781977
2934524059
2887921018
36297477
16371463
2979892846
2924165750
26065553
2880096735
2852453052
2887218337
27714217
2897737710
2871531532
13872739
19646446
2891233387
2983335757
2964594685
11786882
2907465760
18529198
11798377
2959330017
2952742417
2878145525
2917249780
3005991652
34991990
34305859
3406500769
3226159691
3032514176
25595091
35968329
60694208
11709747
3294201638
21601273
2984244519
2855521794
2821028813
3008122337
22229313
2808266994
3007212460
20144180
2944131776
39737534
30969136
22271221
21794820
2997040581
2976052549
11666162
2873113069
2732754322
2777768316
44067732
29909702
44048371
2962749124
47801714
2890162225
39303926
2954000804
30876289
39723405
47773989
24253512
2986973958
36172432
23536192
3236346947
2931218770
2931197013
2879723221
2922794153
2878310131
2829797821
2884733583
3033351253
2969277166
3025161518
29606922
26207880
2983255143
3018656980
3003401887
33406695
2941184621
2951552702
3034518838
2835915542
2885634981
3485519165
2853994815
18649438
2177592419
1899056507
1687909249
30770549
41580581
1063584726
1077090981
1103110001
1113014840
30545000
2744777321
2735065078
2778343780
2801929640
2794106487
2889773584
18656230
2890163662
35851737
41208015
2932558621
2852510730
33807963
55775428
3030874222
13552275
21596888
31023010
2853881484
2870158279
2856687022
45671014
2920531676
7738061
2984754075
18884137
2998037916
2931959828
54255451
2949135210
28850621
23704571
31486891
2993423513
23280148
2942896022
15817771
2957855450
2961781878
2993168561
3040579638
2964876105
3002353595
3055038056
3026455400
3067910844
2994030693
41665826
2818490120
2883589953
37593733
2828246818
2980219266
2949390828
2854167195
24035994
2828814229
2973234721
18754663
40047428
14363506
2905129773
2965696968
2835861211
2783248401
62773210
2755607820
2753820851
36564573
2895253291
2929656990
2987278293
2989816388
52410838
3012239621
3318903318
9189014
24321065
3089518232
2987634547
2979342831
3018877236
24074427
3159711687
3137771371
3078856050
29388314
67021035
3134091442
12613508
22231970
3506319189
40796314
23729158
37684035
31871403
73950634
49720619
36417454
3179944906
35866619
3146507914
3109973032
3038010003
12281831
3108235444
3043461606
44033300
3145808436
3128030031
32827096
3109136502
3153574327
58673962
3098712954
3025708848
2976675539
40102510
54684007
3046277090
3053682496
3088212914
3062331261
24224530
3008524207
7578726
36471471
3071516937
38630240
27340480
3060680693
23616240
11700577
11617852
35935298
3024079751
3011604824
3058872481
46060863
60261750
3031113573
53209549
3026979972
34410641
3021798310
64420942
3108288953
34159322
44899012
3081727212
3055914802
60857437
3098054351
43529407
3077720097
3062163610
3041111043
3029884978
45764801
3023043227
26961989
38666889
2941442844
3055684829
2932971135
2958862387
15071162
60918245
18746967
3027045364
3032288605
41574073
3048458427
3036016646
19147844
3063828316
15505533
19417829
3013676205
27829146
3066419828
3092500385
3000672573
2971002579
3009614839
22721303
3055465270
2928852639
27805385
3032057111
3052640076
3025412405
3009882804
46782236
11895763
3063061359
3121289195
3107905415
55668253
9420280
19721184
2953205742
3107900014
3073772123
3016082822
15635083
3378970895
2992370608
3027297501
3566316328
3068343018
2951355129
2908362084
28107802
2986492378
2847603238
2915932560
38380237
2957941450
2927711119
3087015282
2968818382
3036738480
19631584
3051191443
15905491
21735642
42058353
20756884
3012408827
3036119491
52491548
3016719081
3048176874
3157187893
3496739648
3091652869
3021967708
3025429556
2994237461
50773589
27887033
3015518652
3001388788
2990778245
2875733663
2841784907
35652247
2913696335
2846984915
48590751
11965283
2889350123
32034537
43115676
2890459837
45370338
22657175
2962721382
3059441920
3031123846
3130969925
3011379100
3072007586
24050006
30265952
2944818372
2984084498
24302906
23908896
3056353637
55938685
3111804492
15837808
31654509
49977691
2948187136
19583354
3074619278
2951857375
2918367434
3035213450
35511148
3116980387
2999612565
36932344
52492496
55571381
2863446734
41774129
25302655
2986834354
2935990877
3093484159
3215275658
45208260
21519078
2817041273
2920092573
2858231632
45176204
15764868
41280129
54853081
2963809405
43001278
44171146
2954180795
53643364
43112725
41727506
41843126
2881160770
2904187193
48055768
2904076837
3003228756
45669362
2992933693
2995064709
3043837338
3021113874
57651313
44017656
2978127448
38800029
3042153836
3107274816
2990411175
3091608922
3041436373
3067165290
41796341
3112851427
3073756118
2939363969
3000123531
40634296
22443864
3199031907
31700489
3068805635
3042221847
3045177539
3037182390
26833872
50466968
48624931
3022649973
46436957
28500725
27373905
49659353
45633172
2998707998
3044995589
2901339862
2969120550
39926282
53373109
2988580105
2868775635
2853665392
18250875
2986220562
19652275
2940812420
32542560
27667602
43732162
41119470
2936436810
2867574469
22177780
43510898
2895682870
2878268530
2907717319
2988455680
46068821
2966014438
2942723492
2994184688
27766452
2990578435
2920681528
2864980716
15284503
20000074
2838506038
2946983162
7463902
2934663459
3099953971
3006578215
3042032679
23651778
13137130
25081329
64141088
23989780
3042533998
2963057609
40302200
24194110
2972947881
3052447270
33371411
2974263675
2984607541
2959174590
32205743
3058008663
3037951981
52060029
3108420513
2984015071
31780483
2926070116
2974079525
2871657648
2857295313
31370710
3521318420
3020780147
47775631
3010290212
3012965331
32793382
50940544
16177963
3057251985
2983805890
2988986893
3005628464
3043805593
3278222360
3080123345
12251305
3034448693
32445081
3029308210
20309383
3029049824
43418393
3105244029
2991003577
2960123959
2997130866
3032514797
23932288
58758530
2988964791
3045631625
3081901284
54879164
2905200017
2974416333
25952816
51698627
24754155
45703601
2957004426
37006241
34838625
2966103738
27584882
2970535713
2973887275
2923597906
2958402593
42290935
3002654473
36860962
3021740542
34157902
2978804021
32618416
3025680851
3122242648
3004346948
3010681716
44087344
3018198388
22423563
52530520
43980692
2986790975
3079564616
2910579060
2919399037
14827323
2961971767
3066912716
2977003923
28714337
3028480752
3063117865
3083717338
21827819
30386340
3177507444
2924027915
31847848
3027756073
23706836
47758806
27986967
3206301031
3040763012
3043313080
27493933
60152442
19358103
2934884033
3024219834
2983483628
3270075926
32748310
2959378741
2914043720
3017936559
3424807193
19997775
3070315722
3039533377
3020310412
2962985069
2798388877
33104105
35912321
2943685846
23898533
2883720867
2922304682
3342550347
2925946892
2927224251
3391692200
2979768199
52128204
35015774
11866702
2951459834
2913322447
7579160
24501475
2960559509
2948940031
25865380
22344465
2924529484
3030593683
23833823
2975765244
2955016681
2843296315
29447658
2999343573
2942852532
15948007
2951184140
33292330
2961416935
2923881628
46233305
2964866167
2927623347
2892352971
2838984027
39678921
33071497
39785604
2866754657
2866614153
19228249
2819596841
2852434521
2718636109
2837111144
15603470
27006879
41692393
32959791
2859069281
2860084120
2949795377
40054551
2914337386
3023996310
2910069953
2831318812
45724070
2862218189
52510122
2945373941
2896919819
35941098
2866413735
2942728789
2971052003
2984159937
25294430
46595676
2904996701
31681076
3055396580
3083947342
3014606675
24017393
3124942358
36022892
25826078
3103200210
3133673571
24017108
36590500
3097316399
3215789123
3207199799
38165703
50665262
41069621
45236844
3062224521
3183573008
3206323289
54495620
3124120704
68590638
3107580999
70154287
41088755
3499774403
3110217271
3174194579
43330035
42666952
3024948132
3184056413
3088310884
3187249814
3337623753
3154768072
22520358
3120043152
3154652699
3191105709
3179118200
3163105251
46610258
3288216445
3154313851
3138151102
15885247
3129945119
3243012883
3250896952
37522239
3151844460
17148729
3161165326
35940685
44924606
55840954
3155295657
3127344656
3125775401
3082196287
3121481745
2979059316
35645579
3065742401
3086056378
46274629
3031963556
3157717414
27769820
3175350154
3509866205
42095463
18800680
35928535
45271093
3162704660
3202632532
27692924
3086209923
3141706708
3086256059
3123629154
3061339930
3101022012
3079236416
17202871
3138629338
3050547230
3081243362
3047639697
3079016252
32051512
3019447233
2962824440
19701505
31465237
3177745015
2963516678
3034036181
3041961957
3048715254
2916433939
2917684395
35747885
2936546997
2824052854
2892767140
19701445
2958174299
2877812692
37915942
2929360450
2934643374
3030214153
47711844
3065873448
3065328496
3028695909
35623600
3047260214
3073665823
15705558
2939171437
3000229874
2980722454
3016581301
2860689923
2900303294
3176942796
3006266217
29955071
2923838560
34915691
2964142214
43561579
2932642005
2992293328
2953640674
2990580147
44130180
2915390217
3052431519
3088329231
37887535
30133720
44816104
19715722
3239203851
3049907991
3045246953
23447930
39638964
2994590388
3012943502
2933905687
3085150775
37310696
2910696694
2984038613
2891141631
2884313661
11191397
2888980190
2845153511
2784117584
2451089407
2487427392
2554976414
2045785526
1640749364
1248451422
