14635905
17657329
28037847
62181890
721748278
2358794676
2364802643
39028224
57308121
2772014556
2967724438
2884699838
2920230226
2935647255
2847318690
31702589
2963397965
26245120
42770100
2971652920
54066649
21048341
51673272
61195206
32471436
56623872
3004870846
3063895225
76342523
3192570207
3359804336
3141083018
3141104357
28827061
3163178208
3180000457
69160282
31452446
30487548
3047655289
4187151024
24349336
47260420
3220337451
3145811859
20550236
3211582679
3057951917
3091570418
3053581984
2992754662
24992475
3077877563
16100693
54422474
48514835
3243285142
3091877827
3096678132
3160501204
3139912599
3149308302
3124407182
3155994513
31747700
27921418
3358883228
19515276
3147183917
40651566
3282909516
3176288530
3162933805
3380434810
41970986
67905115
3134273498
57270686
62753954
3226624455
3112640931
3255117096
29680750
3122502852
46184128
41252375
35243823
3998328135
3255819001
4298280161
3262722567
3128326220
41659543
3296067405
2927498743
2950166722
3117942617
2967022981
35103972
3180676571
3121290208
3139584144
3091434456
39384920
3178439269
3083463873
2925553730
3001860668
2970821634
29744813
24300567
43248291
3119012205
3121206034
3826876902
3169357901
24732531
34333777
28083574
3055908345
3306627396
2956210845
3068334317
3022401502
23747072
47253845
3094942324
2985926791
27901039
22261686
47892024
3060144923
4012948776
2998202089
14571204
3051036407
2998806206
3045020100
2947334459
26496060
3045370180
3072734029
3043661541
3078200495
46524900
3099820366
3131550304
3122257562
3108024385
3103765186
3112768794
3052308064
39974783
3089297077
40432532
12069112
3103119155
35231923
3849035120
29530509
16920964
55254288
3040623114
3103201990
31358920
4040027148
51819516
3123893526
57306214
27693077
95136958
20369868
3169985153
3106571824
3320988910
3275036365
29729492
3115642153
3300054728
45697547
3255960448
3238187740
55757386
73266418
69380054
3169579432
3188425848
3080424550
3043996284
3167329164
28407048
3132063268
40304164
17211165
3063625892
3153353780
28577090
55684698
3086843966
32224094
53754003
18898075
60223609
52219079
3069361240
40459201
46274958
2956357538
3140787254
3174703444
3582602211
59257772
3149469765
57436169
61756112
2961573235
3114818441
34165497
43820962
75640539
3266839818
3821777373
75352752
3775502302
3799526428
17570332
3848988588
3830812016
3836456821
3998437566
3964293604
3730186411
20979941
2940125335
34675730
4326714610
3081727122
3047013834
3145759636
3188478740
3147007566
45922911
54654579
35312410
28077918
33318652
38023556
3140997084
18697935
3032288563
3145555597
60677396
10217197
56970553
3300270948
3223873439
3228533461
3222224067
66235398
24868985
3235043219
35883863
3098464032
3412381406
3134671928
21432645
27949343
44433170
3033811006
2953304640
66559590
12148769
39570552
2920838632
38808446
2977154984
36763765
2849026349
2947448948
3082478166
21316557
42571152
44868789
32005095
3078638268
2995045129
2990673226
42361974
24121222
57292047
3067870394
3166918265
3076973342
3351177847
3269090837
3115348410
3035169389
23012928
3198717665
3301189522
3231469607
61449363
44367304
3178656382
3051028954
3097446942
3105615533
44878504
2840435419
2873308777
2992799585
3030391491
3224680572
2934034866
16670366
3309642555
3105290079
3091812545
45739289
3084894983
67857761
3021882056
3075000046
3125074393
3183095899
2997866846
59837352
2958708389
28465239
43425737
3156355238
2812547371
2871939655
41680493
29443105
2969084423
36968167
2804284686
2826300064
2838916163
2963422783
2876504403
3050018955
2996287187
3019720630
38079684
43868046
53096496
3047198670
69217848
31445262
3134513777
2977780488
2985482579
63241182
3029973777
36186059
47689736
3135989191
3145504898
39934824
3105245537
3100385279
3052327024
3611355634
3124800853
3003294272
22847764
3292249683
4159722228
3068169522
3096285327
31355163
3056198157
2940959736
2977558841
4100250302
3059843371
3221215897
36308766
28324201
24069175
79898816
3104147169
3918949238
2890630289
2923006067
2992328112
2844671420
2901038124
2988004279
2977226789
23947002
46727201
3007433920
3578355859
45981973
15750510
3081109725
30714466
19796072
35888963
2933397743
2933623494
43096344
38039077
45465597
3141710501
35407020
56652216
2809364427
2922549235
3033862310
3497331322
45994797
3027560830
2965624836
3045536479
3190727167
12114549
3013357273
2952140561
3095526867
16468120
2983467922
2956024195
2850071127
54613918
3015616532
32487732
3078327607
16039545
62881934
3114718638
3092148855
3123898186
19999081
11495056
44390760
3052314773
3022022100
2956352664
2954048949
3018932686
43865146
4079322527
8289893
2959958075
16066766
2905083429
2973029878
22474996
41450397
2931969666
2884825371
64512181
18402641
2726347670
2782149936
2817464831
44936959
2975119093
2991386851
2891564416
3050638988
2916671131
3908132460
53843494
26857081
2974840620
2983216140
3776248292
3149553274
3161312001
3217067227
4129277953
3177484666
20847850
3298055056
3165862395
3046250505
3085248954
3209027603
18195179
47347322
3005402684
2867633662
2856983455
2990958383
3154427639
28222977
44942100
51001396
3100857956
38429828
3021375519
36036023
2980798721
3029025078
22178243
29846421
2947939806
3064178752
3081945342
3177705784
14430924
3147494601
40904208
27759103
20485885
7934023
4282205574
3250977715
3258679690
41674113
4099498981
28055274
3187470684
4160566488
15787771
52173548
18617112
34737229
33379686
3147996962
3131498129
48340501
44932305
3213203895
20584850
3116509220
3205624362
3176399262
3159363808
33076919
51287649
47613008
4257359786
3327176915
4271850333
3226540773
3438815106
3268057696
3175697303
3193923174
3244631402
3097218541
3513688435
3122908578
3281091867
3049589842
3162023882
3227558991
44423686
3358822567
49103146
2972065104
3117874111
3088192956
3136385497
10973881
3104084029
3029941216
3098499244
3161347186
16857792
3272901700
4141389014
36477770
3134627725
3100409347
3132014460
36543112
3131144786
3172908562
3043392096
3001381049
49725263
3254699533
3131843088
3125478190
2936403184
3063392225
3280937131
20165863
43550678
32296860
3065158751
3137708866
46908676
12205561
3172387298
3278616955
3107191049
3205641964
3202678059
3064123683
3119819912
66221139
3178483474
42977628
66202918
3137209741
3083450022
20215821
31275461
3208746753
2981157297
3137397729
3124334149
3093241586
24064561
68264305
3140565719
3120689541
16345970
3212907998
3971936391
3141086106
3133286614
3240393746
3132969895
51349118
3110665804
3120508931
41133266
3220436008
4263370756
3115073035
2949183198
3109419242
35803441
3047092328
3016826429
3158954474
27735815
3095580066
3113812308
20297122
3087573352
2945151693
2993105845
43014563
2984124590
2996767740
22026515
2914272533
33803525
3059767620
16037229
3001888235
2961395620
2976512093
23487877
40215557
16136375
3106198329
3053378014
2781114775
2892522657
15445117
3017697126
14082770
2977479396
3202329352
46085606
56100073
3023493591
3044851388
2956941606
2932303097
2864506886
3001844298
2985172271
3002392283
3675776042
36844381
3027623165
3045131072
2987996337
43660739
2941902263
2980651286
24192084
3124988217
43146026
2984841467
30404051
3008959083
27495160
26621388
27790790
70248567
2967927490
25942977
34539923
2935744588
2999491519
3073628898
3008269020
7786078
2947891804
3076680745
24428221
2988807792
3032994924
26610413
2979734176
3079603336
2953017895
56425287
39965733
2953687539
45180128
3049700935
55054202
3026506173
12508710
3010003275
3046037842
32284625
19371581
68063172
58297083
7872647
44313929
16155695
87911597
3080072703
3142746511
52104097
35432476
3016090027
3099708505
3008675470
17346101
4068444520
3013759339
26248602
60828203
48074865
3076154678
27808650
23997940
3180695762
28564712
3216501029
3065898486
3438965537
3338930293
3130695617
3234942459
3256492764
54932374
3198401261
3097844062
25554237
3112760267
27865956
3085561140
3221958511
2908021944
3008080062
2960834279
37859097
40324682
2872471606
2997982701
3052488424
3968090857
3167701883
32668344
43163833
3181732453
3045819026
3084007541
31677245
3166894866
3328252122
39736026
3223760980
3238557078
56712470
3176075071
3264405919
3254679598
3195987063
19272805
3117076939
28372681
2985707737
26560163
3042040696
75777175
75162733
47924943
67915415
3219255124
2942378454
3073992553
3230799956
42780112
3216710016
20093381
3107934756
3019119695
35431250
43043168
15542336
45974329
98776784
3135052790
3094804994
3282396116
3056518672
3059750042
2915533553
2885289335
2894701431
3144910868
2958602446
3537514425
55995153
23024994
2960055435
2833305654
2904505942
2859987536
40585367
2917060270
2915822336
2886368673
2942777071
2846171280
2883112889
41513234
2977156803
2917269076
2906530040
2861417181
3003613120
2834070279
2840815247
24234334
3157996065
2964516428
3034640160
3096877266
3020211064
3092894957
3104200010
3082438547
3089001620
3111356669
53910268
2825970419
33590254
2947892053
2902476389
2888968761
2960506781
2879934064
2912752623
2979148403
64448382
3006755091
3207025582
24095690
47952533
41257682
36702941
58921741
3075780188
3128666282
41747061
41212907
3071008850
47660325
3072929461
31615608
36031489
35973164
2846309624
3001876345
3127782565
2944371396
22063669
20349488
3200959777
3009035796
24157783
44528677
3146212390
3123365638
3420281525
3044179093
16035069
3167582399
3078230346
3149413156
28824071
46485175
3717772297
3196707811
4013432304
40210231
23862858
3335671664
3087668004
3089025306
2925214613
2980470508
36104628
3015710235
30588969
39232256
2953001359
3312544772
3384718028
3471545418
4116602856
4312727613
4306653003
4267559462
4376657065
5341220843
4492227319
4404220408
3903737500
3807770559
32290842
54142189
66641531
48636869
55035463
34769136
3145982491
3075957263
3090896484
3125618258
3073411262
63907909
3041700822
32241006
3055335166
48130857
49455245
3173463366
3116922539
41611106
3236330101
61809365
3057696814
3040599098
39924462
3032182161
3134078305
2914815688
3059989138
3928343843
3128759747
35753393
3089701944
27103845
37380052
66076064
78918205
35223842
52591401
3130217046
28540351
34608330
65422748
41257124
60000493
37671770
3112236389
3077440332
3140670078
4137042305
19274469
3067442146
24313418
3210904209
3335620506
3014919164
19232099
3084339465
3249518797
3383696622
4228598857
19976889
3107740463
3152373457
3128680792
3047074212
3152539041
3119527761
3233631085
3086206702
3110339820
3116710229
3136148849
24064329
28219412
3832350338
3067511922
3044213542
42861371
3097120573
36608569
3068485104
3101256971
3149540573
3092744919
24573921
38673231
3126485862
20243180
2883643439
3081757309
2944683692
2925079404
38415767
3012161084
2969947712
7740487
2891567438
3096253422
58199729
3144468763
3140635660
3134853451
3219878837
12498090
3191268795
27926783
26830005
3186496997
41446460
47950131
3192859204
3138493311
2949440337
29214917
15836895
3107054590
49310210
3249526664
44153559
48390329
32363722
16114383
2945585025
3057182731
3002526902
2969697312
18835218
34760964
3102272666
3156541819
28698188
15657450
4142510469
3093545166
3122530973
3149709721
3129514667
3140462951
3262536331
3147214287
3176125510
12461010
3154737300
3208737832
3227598029
3002289931
3197920298
3092706529
11733820
3010995135
38136088
45529700
3167958946
3169829587
32115333
2993904302
3148881870
3043584262
20852291
24065855
3002316627
2986606929
32727326
2924847634
2959511133
11941516
2974657543
2853835758
32184030
29567246
2946214837
29358574
3030443247
3144668582
2985212391
2924827415
24488762
2760602280
2760916790
2877783142
11693466
2944801461
29301718
35520489
29298214
2947859990
2836883581
3922756219
17252909
16121634
26166151
2886891347
2879018550
2999381094
3100214924
2942644252
2962239383
3075377558
39052233
3030622472
32868895
3425342762
68859721
3182145192
3701790143
3113460128
3177243248
32375325
15845118
43857917
3049605317
3033262619
3036422492
2972741236
3572456360
2963759424
2944114951
3071953929
2984045259
37392170
3753507312
3075705204
3053107868
3037984361
3121306669
3086838448
2958709884
2979400688
3012238037
3006024610
21097831
3099998020
2934494972
3096383650
44134741
3060732588
4181413388
3088227390
27603687
28435936
22207257
3005717607
27970075
3130143494
3045115492
3272418465
25537362
35326931
3068897861
3016084213
3046480740
3040175928
3027366327
2966430596
2842637387
2921939285
2885581377
2959521027
19865975
26375853
61270657
3076822295
46509172
2972266261
2818459878
2911790837
38176143
2964767543
2980731094
3055807769
3267346674
3216137958
3161164018
2923555443
73309040
23781625
33911222
54966105
3072951739
4152532935
3043517112
3970863364
3163871718
39941128
3148059991
3060817210
3205298935
2977982690
2912659673
21025668
35301178
24039635
2965005160
42662249
2975418259
2873250853
2798289511
2817752608
30518632
53457909
2864222420
2932745009
28496001
2986939029
2993295645
2936884481
16095521
17853261
37673061
84930941
49510972
46764705
16245026
2857280664
2911302499
2852268989
2898270907
2884221707
24860416
44129961
43551813
3050968526
2967286320
49123861
2887321005
2805237045
2918446738
42526803
24137092
3036075197
3015010445
2905455166
3153596792
2933070719
43910747
3004234141
2888516097
44138177
35953265
2962234273
3182471531
16434333
24590120
3036110864
4098918828
3037089037
3012494043
3057212665
2987639830
19823229
16587537
77979311
35041484
3028490189
32203351
3153674663
3063825515
4084503249
3292554294
3225327347
45119648
3150017380
3181467429
3223132239
3219513691
28257644
3176357309
21133213
3268096423
3174185316
3261010594
3226306629
3169912235
3200012586
3185671142
3271884681
3411308742
3198200459
51420672
3205280127
3320837638
3101671178
3205433754
3214507769
43922568
48809983
3193818430
3155281175
78318942
3220933731
3310002484
3287154241
3563644339
3486389796
16285995
16259628
39797042
28350674
3144682823
3318691715
20140973
3440326789
3381387136
4218738439
3303233425
3448349439
23979444
3201565063
38069217
14148904
3293161694
3224116917
2997163680
3006186438
58906467
3157361308
3112384941
2969458393
3040630649
3054172882
36235515
34101390
40160480
22378190
3257584208
36846882
3059308934
3039817253
3071671218
32184990
3049258757
37160457
2995426837
3236025562
40078413
3054915124
3006902538
16080639
8097601
13585205
3104507301
3126965890
3172951338
3133817223
45113402
3103367553
3088240381
27767783
3061844314
3083550681
3182584455
3086889610
25835315
39172546
28035119
3159615486
3097591277
3102565930
2957215215
3914534755
37070260
3172889384
3072502179
26923495
20454846
47035070
24020694
3019772244
53337212
36654877
36164869
34225555
20173446
2913020236
59891077
3522079599
29766036
3199927296
3354223197
3088541095
39976229
49585961
3060475082
45136769
42268357
4197820786
3234973483
3179173936
3154070261
3111281692
4137457809
45580371
3111283764
3340647005
2999772879
3032186853
2847794916
29878280
2975372504
44993556
2995054877
3042068960
3161240800
3039601905
56036487
45630488
19200946
3100587196
30723599
2982445523
3077444533
14427604
43319783
28274743
2953942928
2971331613
21469867
3021983935
3071441897
2940261830
2936151451
2877375975
36437572
2995814045
36058785
3116108738
4034854830
33377749
24680474
3130366509
2974241452
45373751
36573915
2995327877
47463280
2948149170
2836845450
2996788674
20282061
3170573140
3006419838
27904520
3043840111
2963542974
22964493
2850062305
2873162685
3242871118
19021050
43800296
22660658
2959245481
29741212
11367218
3023816296
12190183
3738438749
3100550595
2950980978
3013351668
3019839538
41828563
23778731
52288037
2901044810
3043976619
2980278148
56370093
39904999
3202999772
3118538047
2951718400
36101622
3038199177
3017561889
3237793775
37520072
73690215
3128757558
3062770128
3076914721
8304606
41400999
2875200866
2963959222
2869252085
19023682
31506475
38562718
35122786
3287996732
4019100053
3124878235
3127949030
4130744070
31125808
7871809
3110924105
3151697185
46521185
41064774
40406656
41316801
3147145274
3141059305
49369479
3149811916
3138452491
46748898
3232124928
45057380
3080596182
37120772
2929003055
3059482410
38821636
44229231
20967957
3018221111
25786935
44254600
3071373498
46223349
2966278176
2993254990
30005233
3025709876
3275064639
3017075524
30153890
3018013284
3173009096
2994458750
15909861
20505275
48278895
2981950502
28195526
55971490
3001529080
3007948994
3119148916
3085728991
23525109
2972446386
3005422768
24046149
20798987
3175025624
3043155058
39690494
25688594
43241520
3233185626
3237063908
3150050997
3156768761
3152991014
3263362766
43374948
3356530426
3168843936
3156549526
27798490
3192112630
35558605
25829902
3124816904
3182281009
40156919
3185293097
3260913926
3074130634
3145798346
3146589303
3068901296
3081735003
29306378
14974583
3201040170
3165328524
3203102483
3196119026
3988236065
3189528029
3170553070
3210920666
39979204
3160360273
20185629
21946922
35838445
3405408464
3073675158
3033096334
27431537
2875748831
3011024419
27263611
18968638
3121729072
3144009110
3935839866
28279803
27674589
58665519
37689749
2960873135
56810588
33287741
3759028435
3090307730
20732478
3216661230
3200322103
3194599724
3082333844
3075672024
48601099
14492976
56056860
76356499
35226463
20588742
2908469441
3110597419
3077203812
3100645562
33967443
3068414688
3011543749
4159910477
3251208614
3247565885
3079599741
24430649
3036344884
39751653
3196826992
32508909
36048093
3108827021
3052202590
34181823
52182472
26228926
33262644
77677052
29896638
19017181
28028546
3092799157
3062697166
3022460494
2996234501
3308992318
3145508127
3037142235
3124589437
3138586104
3285877200
29835711
36113909
24788670
3091621903
41220098
3139469482
3074166129
3074152227
44717876
38776167
56319216
23961796
3101818402
3012909580
36087110
3084757755
3012300057
35376883
69665289
2945154637
40286450
10861894
2987774043
2911912109
2985205424
2992364563
3004872523
52908280
2952257295
41068441
2866954130
2940441625
15881680
29621698
45335134
35938046
2979893616
36915310
2994347326
32124150
71042441
67924598
2978388798
46922802
39274831
3027534500
40594045
2973123863
2977344947
23409119
25348282
2973019431
2855506335
2891777089
29300764
25558426
23329316
2876981526
2860656717
20116119
2916777179
27672987
2951876997
2990271741
2888239095
36597482
18328819
3063674933
3022133293
26338757
2976163423
2895460514
2917026346
27987818
2947870140
2921294594
14206893
21846301
2942272941
3057417600
3103545526
12102730
2963682359
18818523
12073255
3017348528
3015293485
2939851131
3030794685
3062526133
35253549
34560108
4019238480
3904649085
3082864932
25864434
36254022
60961594
11996082
3961797970
21932341
3035887305
2899746800
2877288547
3031549296
22517671
2808585215
3052665919
20396376
2994129896
40035887
31263473
22513598
22091335
2997327884
3080881891
12016724
2962097472
2732962502
2840026441
44387217
30162963
44340588
2962976871
48083660
2933536050
40296077
3060589621
47192885
39921039
48058089
24540754
3033995183
36462316
23847184
3842408595
3000944144
3005105141
2923091553
2994856689
2878616565
2917277966
3087815391
3115555798
3114281130
3078804412
29878653
26507653
3034365244
3110294447
3090225270
33719883
3020876572
3003632606
3175407751
2858602486
2925163000
3924770638
2874121422
19272999
2193039355
1911493912
1695580174
33007588
43687286
1111172583
1096251752
1119498099
1121506588
61295446
2802276415
2806706705
2824069571
2834282032
2850358558
2923943251
18937148
2920903960
36125904
41515100
2997311117
2894847136
34047061
56144561
3562448939
14150155
21904585
31338541
2897189833
2939894650
2938266998
45933336
2972683244
8039189
3062406554
19116301
3044395534
2983160822
54500065
3022054531
29156190
23893662
48895854
3046620480
23569442
3030545149
16132558
2993222091
3047252461
3048712135
3194114639
3022606594
3083689064
3109619169
3079152529
3151784677
3108843341
42027112
2883251659
2943149300
38189256
2828527045
3031900477
3001211123
2881863451
24259493
2920433824
3013339775
18954126
40338487
14628833
2975533459
3020386078
2916821380
2840280820
63105320
2755896744
2754041847
50381101
2958659269
3014163021
3040462431
3031473032
52724834
3068938708
4072263488
9476749
24619584
3137651899
3036187263
3070018006
3155202651
24365218
3249921606
3220404323
3079183485
29646409
67288774
3196802747
12915820
22508649
4181160920
41071353
24051367
42983124
38039355
78878722
50036832
36718748
3222890673
36160235
3201482727
3151993984
3098238869
12579954
3274396283
3113414898
44325486
3218956746
3128330125
33115824
3171375639
3193542789
58999242
3168894949
3084081922
3014588797
40355689
54938301
3119666436
3274234864
3147252932
3119144875
24510340
3071661033
7959362
36715217
3139903708
38921129
27568271
3104382252
23907451
12006065
11915455
36228019
3063226248
3051582288
3098983934
46357684
60545982
3103067530
53454922
3288170806
34715754
3084314785
64739322
3172273162
34466946
45206544
3117994286
3160069842
61150528
3173222710
43844317
3128237349
3295896797
3099134404
3113697889
46112096
3095953776
27253062
38967275
2988527280
3221297914
3031714235
3035855590
15367918
66049172
19074313
3094042953
3113221961
41874329
3125242606
3168608800
19457580
3124475354
15787955
26417820
3063271930
28142800
3163251878
3204953080
3049668655
3059655640
3081930621
23011605
3109384613
2929125472
28122328
3102334353
3052995672
3071330692
3056828047
47107174
12258846
3166588041
3180107983
3189478337
55877445
9727439
20038348
3048023345
3324233960
3140587257
3066738289
15932103
4060772989
3058632080
3090682542
4228279866
3123225268
3036557627
3015182008
28448737
3042777073
2904549757
2944393286
38683185
3030908488
3005109315
3217052402
3050430957
3080130088
19972404
3100833511
16214600
22044143
42329648
21049645
3076987711
3189027531
52768500
3149694106
3048491683
3780594362
4171694139
3144153497
3086588250
3089789626
3077780261
51062613
28220164
3108330651
3069258733
3052735668
2931279943
2913629665
35939701
3052787175
2935694145
48901980
12285963
2959030189
32465634
43428194
2960657409
45644776
22980321
3131283170
3118865905
3075196691
3617083842
3050174503
3137752790
24297195
30537490
2996559631
3093181056
24615180
38995478
3104016447
56274546
3323704768
16171683
31847153
52057640
3044539566
19900677
3340402504
2999897066
2970324674
3095789108
35738692
3168823973
3068830016
37214405
52790845
55881367
2863676309
42015747
25562400
3059727336
3004512444
3741888197
3933726930
45442411
21786109
2865458653
3002957364
2933765332
45608695
16051661
52862302
62028179
3019645726
43287638
44454016
2994569995
53934345
43408181
41964911
42123835
2930913014
2966058322
48335214
2904395690
3054453287
46003191
3038463546
3027099387
3119187305
3083030393
57905242
44311165
2978367083
39099263
3116283363
3191374006
3070860928
3091864873
3100550712
3128400465
42083345
3182821699
3128353550
2939691919
3047297618
40885397
22771757
3258748537
32034214
3132255305
3042509807
3110617249
3097472207
27172363
50828234
48895237
3087742539
46777688
28830871
27722210
49956674
45922731
3059141619
3114803860
2933192678
3014399793
40252226
56084884
3048953756
2932188402
2924303660
18617997
3051721576
19972883
3018004537
32863878
27988888
44032605
44902507
3022554212
2867884514
22559413
43811316
2936169407
2929841736
3014561914
3074459786
46373699
3007452189
3008175550
3047421423
28086337
3025634107
2975357267
2929462020
15579818
20300433
2915409623
2996149135
7674194
3023668914
3153647476
3069664300
3093510073
23957527
13430506
25384472
64481641
24281200
3100642258
3020756545
40589575
24478168
3029983872
3229092098
33658603
3036866486
2984901543
2997395693
32525637
3128798999
3072542543
52410511
3371108267
2984345049
32073938
2926344870
3012556520
2925349163
2902614341
31661253
4173025458
3065280693
48083606
3010576260
3089120720
33092282
51240445
16490875
3240268182
3080918741
3066406518
3084984875
3067894764
3878358309
3237881076
12518101
3098037233
32739243
3088462782
20589498
3103975027
43718326
3172712775
3220296932
3041087361
3069385475
3101576227
24258524
60793375
3058953367
3086508297
3132668237
55155276
2960220113
3074652771
26278367
51976662
25009864
45913998
3019013149
37297177
35114620
3018801161
27849571
3037521795
3021024542
2994329000
3000721636
42600159
3072652408
37152773
3131015736
34471667
3022899674
32896897
3103842890
3184771311
3073967757
3048009379
44390149
3091134694
22722712
52821166
44224889
3049055600
3175214842
2952528988
2944742207
15019612
3042504210
3169339110
3036907224
29004154
3080569709
3126101622
3152454096
22081089
30648600
3653402195
2984806392
32104978
3193636949
23941200
48021536
28202382
3876519124
3088903996
3094852607
27836185
60391942
19718726
3200037431
3171665569
3061071633
3925970475
33035454
3015878892
3002735792
3080426169
4111728343
20303970
3139741325
3126132243
3052465066
3039565590
2798648917
33438874
36229543
2976017884
24214704
2923449342
2997069230
4041182717
3000667645
2972207073
4103414540
3032424712
52420551
35314411
12173449
3004346441
2975568331
7783471
24808484
3057576207
3020840035
26166234
22541444
3021566655
3192930722
24138063
3053214459
2994083037
2917468233
29732896
3046793974
3040121467
16219963
3047185674
33579066
3113822970
3008506292
46746197
3008069694
2982858195
2955099945
2890640675
39963864
33349843
40131284
2921014785
2924101406
19557579
2888142745
2893507619
2718968235
2888760973
15961607
27322357
41985254
33252625
2951562907
2922626970
3001989617
40366792
2969176567
3154548790
2959918914
2887414718
46001708
2956538181
52738213
2945645386
2969716786
36252971
2971578911
3053349727
3026753322
3040893864
25573010
46834595
2981157829
31942785
3138132087
3239487645
3014924366
24282265
3740822756
36288229
26141602
3180574274
3212869072
24308851
36900103
3168627516
3288952023
3279233708
38457529
50980888
41357306
45555524
3131517174
3241326256
3258337916
54759489
3361757462
69201812
3232237999
70438403
41369292
4237423839
3155324637
3311141054
43618305
42959817
3108995287
3235041407
3144338067
3284393918
4000117191
3205433785
22814662
3178818960
3220991968
3226201131
3260478862
3163402145
46943961
3530687656
3228664127
3200000801
16200443
3235797629
3732980468
3330435543
37799210
3190358306
17443201
3231163517
36205611
45660360
56160641
3222064956
3178066455
3186810999
3231860587
3210328314
3050722174
35943192
3130413677
3144653677
46605292
3114040009
3228815156
28051351
3237247857
4252466512
42362752
19103841
36203703
72333198
3234678384
3274464685
27977182
3159439958
3206281770
3160674342
3190704937
3099934406
3159727798
3146384314
17498508
3384594732
3149595185
3175958870
3120216025
3191341674
36819476
3073693696
3016847186
19997707
31658260
3676561206
3030919275
3087320901
3115214918
3116802036
2961742993
2979326654
36084208
2995172703
2824358692
2975620132
19988890
3015387910
3019079825
38191897
2972331464
3010226103
3447460713
48042330
3143122093
3120200421
3092315845
35885460
3112884137
3293621068
16029145
3011321596
3045220472
3060573912
3079227312
2900062631
2951580115
3799408162
3068419635
30258543
2986937751
35227884
2964434181
43887521
3010536697
3061735316
3022061373
3043736749
46873211
2989242209
3096445229
3162737160
38117832
30322208
45065821
20009383
3932816329
3103746881
3092707147
23638534
39968026
3093541681
3096150013
2934198197
3166418766
37552104
2983802191
3024223961
3178142636
2930355509
11419878
2934214959
2898854804
2837713906
2481029575
2526503760
2740891151
2066394871
1649924124
1263997347
